
1 10
0 9
1 9
2 9
3 9
4 9
5 9
6 9
7 9
8 9
9 0 1 2 3 4 5 6 7 8

2 10
0 8 9
1 9
2 9
3 9
4 9
5 9
6 9
7 9
8 0
9 0 1 2 3 4 5 6 7

3 10
0 8 9
1 8
2 9
3 9
4 9
5 9
6 9
7 9
8 0 1
9 0 2 3 4 5 6 7

4 10
0 8
1 8
2 9
3 9
4 9
5 9
6 9
7 9
8 0 1 9
9 2 3 4 5 6 7 8

5 10
0 8 9
1 8
2 8
3 9
4 9
5 9
6 9
7 9
8 0 1 2
9 0 3 4 5 6 7

6 10
0 8
1 8
2 8
3 9
4 9
5 9
6 9
7 9
8 0 1 2 9
9 3 4 5 6 7 8

7 10
0 8 9
1 8
2 8
3 8
4 9
5 9
6 9
7 9
8 0 1 2 3
9 0 4 5 6 7

8 10
0 8
1 8
2 8
3 8
4 9
5 9
6 9
7 9
8 0 1 2 3 9
9 4 5 6 7 8

9 10
0 7 9
1 8 9
2 9
3 9
4 9
5 9
6 9
7 0
8 1
9 0 1 2 3 4 5 6

10 10
0 7 8 9
1 8
2 9
3 9
4 9
5 9
6 9
7 0
8 0 1
9 0 2 3 4 5 6

11 10
0 7 8
1 8 9
2 9
3 9
4 9
5 9
6 9
7 0
8 0 1
9 1 2 3 4 5 6

12 10
0 7 9
1 8 9
2 8
3 9
4 9
5 9
6 9
7 0
8 1 2
9 0 1 3 4 5 6

13 10
0 7 9
1 8
2 8
3 9
4 9
5 9
6 9
7 0
8 1 2 9
9 0 3 4 5 6 8

14 10
0 7 8 9
1 8
2 8
3 9
4 9
5 9
6 9
7 0
8 0 1 2
9 0 3 4 5 6

15 10
0 7 8
1 8 9
2 8
3 9
4 9
5 9
6 9
7 0
8 0 1 2
9 1 3 4 5 6

16 10
0 7 8
1 8
2 8
3 9
4 9
5 9
6 9
7 0 9
8 0 1 2
9 3 4 5 6 7

17 10
0 7 8
1 8
2 8
3 9
4 9
5 9
6 9
7 0
8 0 1 2 9
9 3 4 5 6 8

18 10
0 7 9
1 8 9
2 8
3 8
4 9
5 9
6 9
7 0
8 1 2 3
9 0 1 4 5 6

19 10
0 7 9
1 8
2 8
3 8
4 9
5 9
6 9
7 0
8 1 2 3 9
9 0 4 5 6 8

20 10
0 7 8 9
1 8
2 8
3 8
4 9
5 9
6 9
7 0
8 0 1 2 3
9 0 4 5 6

21 10
0 7 8
1 8
2 8
3 8
4 9
5 9
6 9
7 0 9
8 0 1 2 3
9 4 5 6 7

22 10
0 7 9
1 8 9
2 8
3 8
4 8
5 9
6 9
7 0
8 1 2 3 4
9 0 1 5 6

23 10
0 7 8 9
1 7
2 8
3 9
4 9
5 9
6 9
7 0 1
8 0 2
9 0 3 4 5 6

24 10
0 7 8
1 7 9
2 8
3 9
4 9
5 9
6 9
7 0 1
8 0 2
9 1 3 4 5 6

25 10
0 7 8
1 7
2 8
3 9
4 9
5 9
6 9
7 0 1 9
8 0 2
9 3 4 5 6 7

26 10
0 7 9
1 7
2 8 9
3 8
4 9
5 9
6 9
7 0 1
8 2 3
9 0 2 4 5 6

27 10
0 7
1 7
2 8 9
3 8
4 9
5 9
6 9
7 0 1 9
8 2 3
9 2 4 5 6 7

28 10
0 7
1 7
2 8
3 8
4 9
5 9
6 9
7 0 1 9
8 2 3 9
9 4 5 6 7 8

29 10
0 7 8 9
1 7
2 8
3 8
4 9
5 9
6 9
7 0 1
8 0 2 3
9 0 4 5 6

30 10
0 7 8
1 7 9
2 8
3 8
4 9
5 9
6 9
7 0 1
8 0 2 3
9 1 4 5 6

31 10
0 7 8
1 7
2 8 9
3 8
4 9
5 9
6 9
7 0 1
8 0 2 3
9 2 4 5 6

32 10
0 7 8
1 7
2 8
3 8
4 9
5 9
6 9
7 0 1 9
8 0 2 3
9 4 5 6 7

33 10
0 7 9
1 7
2 8 9
3 8
4 8
5 9
6 9
7 0 1
8 2 3 4
9 0 2 5 6

34 10
0 7
1 7
2 8 9
3 8
4 8
5 9
6 9
7 0 1 9
8 2 3 4
9 2 5 6 7

35 10
0 7 9
1 7
2 8
3 8
4 8
5 9
6 9
7 0 1
8 2 3 4 9
9 0 5 6 8

36 10
0 7 9
1 7
2 8
3 8
4 9
5 9
6 9
7 0 1 8
8 2 3 7
9 0 4 5 6

37 10
0 7
1 7
2 8
3 8
4 9
5 9
6 9
7 0 1 8 9
8 2 3 7
9 4 5 6 7

38 10
0 7 9
1 7
2 7
3 8 9
4 8
5 8
6 9
7 0 1 2
8 3 4 5
9 0 3 6

39 10
0 6 9
1 7 9
2 8 9
3 9
4 9
5 9
6 0
7 1
8 2
9 0 1 2 3 4 5

40 10
0 6 8 9
1 7 9
2 8
3 9
4 9
5 9
6 0
7 1
8 0 2
9 0 1 3 4 5

41 10
0 6 8
1 7 9
2 8 9
3 9
4 9
5 9
6 0
7 1
8 0 2
9 1 2 3 4 5

42 10
0 6 9
1 7 9
2 8 9
3 8
4 9
5 9
6 0
7 1
8 2 3
9 0 1 2 4 5

43 10
0 6 9
1 7 9
2 8
3 8
4 9
5 9
6 0
7 1
8 2 3 9
9 0 1 4 5 8

44 10
0 6 8 9
1 7 8
2 8
3 9
4 9
5 9
6 0
7 1
8 0 1 2
9 0 3 4 5

45 10
0 6 8
1 7 8
2 8 9
3 9
4 9
5 9
6 0
7 1
8 0 1 2
9 2 3 4 5

46 10
0 6 8
1 7 8
2 8
3 9
4 9
5 9
6 0 9
7 1
8 0 1 2
9 3 4 5 6

47 10
0 6 8 9
1 7 9
2 8
3 8
4 9
5 9
6 0
7 1
8 0 2 3
9 0 1 4 5

48 10
0 6 8
1 7 9
2 8 9
3 8
4 9
5 9
6 0
7 1
8 0 2 3
9 1 2 4 5

49 10
0 6 8
1 7 9
2 8
3 8
4 9
5 9
6 0 9
7 1
8 0 2 3
9 1 4 5 6

50 10
0 6 8
1 7 9
2 8
3 8
4 9
5 9
6 0
7 1
8 0 2 3 9
9 1 4 5 8

51 10
0 6 9
1 7 9
2 8 9
3 8
4 8
5 9
6 0
7 1
8 2 3 4
9 0 1 2 5

52 10
0 6 9
1 7 9
2 8
3 8
4 8
5 9
6 0
7 1
8 2 3 4 9
9 0 1 5 8

53 10
0 6 7 9
1 7 8
2 8
3 9
4 9
5 9
6 0
7 0 1
8 1 2
9 0 3 4 5

54 10
0 6 7
1 7 8 9
2 8
3 9
4 9
5 9
6 0
7 0 1
8 1 2
9 1 3 4 5

55 10
0 6 7
1 7 8
2 8 9
3 9
4 9
5 9
6 0
7 0 1
8 1 2
9 2 3 4 5

56 10
0 6 7 9
1 7
2 8 9
3 8
4 9
5 9
6 0
7 0 1
8 2 3
9 0 2 4 5

57 10
0 6 7
1 7 9
2 8 9
3 8
4 9
5 9
6 0
7 0 1
8 2 3
9 1 2 4 5

58 10
0 6 7 9
1 7
2 8
3 8
4 9
5 9
6 0
7 0 1
8 2 3 9
9 0 4 5 8

59 10
0 6 7
1 7 9
2 8
3 8
4 9
5 9
6 0
7 0 1
8 2 3 9
9 1 4 5 8

60 10
0 6 7
1 7 8
2 8
3 8
4 9
5 9
6 0 9
7 0 1
8 1 2 3
9 4 5 6

61 10
0 6 7
1 7 9
2 8 9
3 8
4 8
5 9
6 0
7 0 1
8 2 3 4
9 1 2 5

62 10
0 6 9
1 7 8 9
2 7
3 8
4 9
5 9
6 0
7 1 2
8 1 3
9 0 1 4 5

63 10
0 6 9
1 7 8
2 7 9
3 8
4 9
5 9
6 0
7 1 2
8 1 3
9 0 2 4 5

64 10
0 6 9
1 7 8
2 7
3 8
4 9
5 9
6 0
7 1 2 9
8 1 3
9 0 4 5 7

65 10
0 6 9
1 7 9
2 7
3 8 9
4 8
5 9
6 0
7 1 2
8 3 4
9 0 1 3 5

66 10
0 6 9
1 7
2 7
3 8 9
4 8
5 9
6 0
7 1 2 9
8 3 4
9 0 3 5 7

67 10
0 6 9
1 7
2 7
3 8
4 8
5 9
6 0
7 1 2 9
8 3 4 9
9 0 5 7 8

68 10
0 6 8
1 7 8
2 7
3 8
4 9
5 9
6 0
7 1 2 9
8 0 1 3
9 4 5 7

69 10
0 6 8
1 7 9
2 7
3 8
4 8
5 9
6 0 9
7 1 2
8 0 3 4
9 1 5 6

70 10
0 6 8 9
1 7
2 7
3 8
4 8
5 9
6 0
7 1 2 9
8 0 3 4
9 0 5 7

71 10
0 6 8
1 7
2 7
3 8
4 8
5 9
6 0 9
7 1 2 9
8 0 3 4
9 5 6 7

72 10
0 6 9
1 7 8
2 7 9
3 8
4 8
5 9
6 0
7 1 2
8 1 3 4
9 0 2 5

73 10
0 6 9
1 7 8
2 7
3 8 9
4 8
5 9
6 0
7 1 2
8 1 3 4
9 0 3 5

74 10
0 6 9
1 7 8
2 7
3 8
4 8
5 9
6 0
7 1 2 9
8 1 3 4
9 0 5 7

75 10
0 6 9
1 7 9
2 7
3 8 9
4 8
5 8
6 0
7 1 2
8 3 4 5
9 0 1 3

76 10
0 6 9
1 7
2 7
3 8 9
4 8
5 8
6 0
7 1 2 9
8 3 4 5
9 0 3 7

77 10
0 6 7
1 6 8
2 7 9
3 8
4 9
5 9
6 0 1
7 0 2
8 1 3
9 2 4 5

78 10
0 6 7
1 6 9
2 7
3 8 9
4 8
5 9
6 0 1
7 0 2
8 3 4
9 1 3 5

79 10
0 6 7
1 6
2 7
3 8 9
4 8
5 9
6 0 1 9
7 0 2
8 3 4
9 3 5 6

80 10
0 6 7 9
1 6
2 7
3 8
4 8
5 9
6 0 1
7 0 2
8 3 4 9
9 0 5 8

81 10
0 6 7
1 6 9
2 7
3 8
4 8
5 9
6 0 1
7 0 2
8 3 4 9
9 1 5 8

82 10
0 6 7
1 6
2 7
3 8
4 8
5 9
6 0 1 9
7 0 2
8 3 4 9
9 5 6 8

83 10
0 6 9
1 6
2 7 9
3 7
4 8 9
5 8
6 0 1
7 2 3
8 4 5
9 0 2 4

84 10
0 6
1 6
2 7 9
3 7
4 8 9
5 8
6 0 1 9
7 2 3
8 4 5
9 2 4 6

85 10
0 6
1 6
2 7
3 7
4 8 9
5 8
6 0 1 9
7 2 3 9
8 4 5
9 4 6 7

86 10
0 6
1 6
2 7
3 7
4 8
5 8
6 0 1 9
7 2 3 9
8 4 5 9
9 6 7 8

87 10
0 5 9
1 6 9
2 7 9
3 8 9
4 9
5 0
6 1
7 2
8 3
9 0 1 2 3 4

88 10
0 5 8 9
1 6 9
2 7 9
3 8
4 9
5 0
6 1
7 2
8 0 3
9 0 1 2 4

89 10
0 5 8
1 6 9
2 7 9
3 8 9
4 9
5 0
6 1
7 2
8 0 3
9 1 2 3 4

90 10
0 5 9
1 6 9
2 7 9
3 8 9
4 8
5 0
6 1
7 2
8 3 4
9 0 1 2 3

91 10
0 5 9
1 6 9
2 7 9
3 8
4 8
5 0
6 1
7 2
8 3 4 9
9 0 1 2 8

92 10
0 5 8
1 6 8
2 7 9
3 8
4 9
5 0 9
6 1
7 2
8 0 1 3
9 2 4 5

93 10
0 5 8
1 6 9
2 7 9
3 8 9
4 8
5 0
6 1
7 2
8 0 3 4
9 1 2 3

94 10
0 5 8
1 6 9
2 7 9
3 8
4 8
5 0 9
6 1
7 2
8 0 3 4
9 1 2 5

95 10
0 5 7 9
1 6 8 9
2 7
3 8
4 9
5 0
6 1
7 0 2
8 1 3
9 0 1 4

96 10
0 5 7
1 6 8
2 7 9
3 8 9
4 9
5 0
6 1
7 0 2
8 1 3
9 2 3 4

97 10
0 5 7 9
1 6 9
2 7 8
3 8
4 9
5 0
6 1
7 0 2
8 2 3
9 0 1 4

98 10
0 5 7
1 6 9
2 7 8
3 8 9
4 9
5 0
6 1
7 0 2
8 2 3
9 1 3 4

99 10
0 5 7 9
1 6 9
2 7
3 8 9
4 8
5 0
6 1
7 0 2
8 3 4
9 0 1 3

100 10
0 5 7
1 6 9
2 7 9
3 8 9
4 8
5 0
6 1
7 0 2
8 3 4
9 1 2 3

101 10
0 5 7 9
1 6 9
2 7
3 8
4 8
5 0
6 1
7 0 2
8 3 4 9
9 0 1 8

102 10
0 5 7
1 6 9
2 7 9
3 8
4 8
5 0
6 1
7 0 2
8 3 4 9
9 1 2 8

103 10
0 5 9
1 6 9
2 7 8 9
3 7
4 8
5 0
6 1
7 2 3
8 2 4
9 0 1 2

104 10
0 5 9
1 6 9
2 7 8
3 7 9
4 8
5 0
6 1
7 2 3
8 2 4
9 0 1 3

105 10
0 5 9
1 6 9
2 7 8
3 7
4 8
5 0
6 1
7 2 3 9
8 2 4
9 0 1 7

106 10
0 5 9
1 6 7
2 6 8
3 7 9
4 8
5 0
6 1 2
7 1 3
8 2 4
9 0 3
