
1 12
0 11
1 11
2 11
3 11
4 11
5 11
6 11
7 11
8 11
9 11
 10 11
 11 0 1 2 3 4 5 6 7 8 9 10

2 12
0 10 11
1 11
2 11
3 11
4 11
5 11
6 11
7 11
8 11
9 11
 10 0
 11 0 1 2 3 4 5 6 7 8 9

3 12
0 10 11
1 10
2 11
3 11
4 11
5 11
6 11
7 11
8 11
9 11
 10 0 1
 11 0 2 3 4 5 6 7 8 9

4 12
0 10
1 10
2 11
3 11
4 11
5 11
6 11
7 11
8 11
9 11
 10 0 1 11
 11 2 3 4 5 6 7 8 9 10

5 12
0 10 11
1 10
2 10
3 11
4 11
5 11
6 11
7 11
8 11
9 11
 10 0 1 2
 11 0 3 4 5 6 7 8 9

6 12
0 10
1 10
2 10
3 11
4 11
5 11
6 11
7 11
8 11
9 11
 10 0 1 2 11
 11 3 4 5 6 7 8 9 10

7 12
0 10 11
1 10
2 10
3 10
4 11
5 11
6 11
7 11
8 11
9 11
 10 0 1 2 3
 11 0 4 5 6 7 8 9

8 12
0 10
1 10
2 10
3 10
4 11
5 11
6 11
7 11
8 11
9 11
 10 0 1 2 3 11
 11 4 5 6 7 8 9 10

9 12
0 10 11
1 10
2 10
3 10
4 10
5 11
6 11
7 11
8 11
9 11
 10 0 1 2 3 4
 11 0 5 6 7 8 9

10 12
0 10
1 10
2 10
3 10
4 10
5 11
6 11
7 11
8 11
9 11
 10 0 1 2 3 4 11
 11 5 6 7 8 9 10

11 12
0 9 11
1 10 11
2 11
3 11
4 11
5 11
6 11
7 11
8 11
9 0
 10 1
 11 0 1 2 3 4 5 6 7 8

12 12
0 9 10 11
1 10
2 11
3 11
4 11
5 11
6 11
7 11
8 11
9 0
 10 0 1
 11 0 2 3 4 5 6 7 8

13 12
0 9 10
1 10 11
2 11
3 11
4 11
5 11
6 11
7 11
8 11
9 0
 10 0 1
 11 1 2 3 4 5 6 7 8

14 12
0 9 11
1 10 11
2 10
3 11
4 11
5 11
6 11
7 11
8 11
9 0
 10 1 2
 11 0 1 3 4 5 6 7 8

15 12
0 9 11
1 10
2 10
3 11
4 11
5 11
6 11
7 11
8 11
9 0
 10 1 2 11
 11 0 3 4 5 6 7 8 10

16 12
0 9 10 11
1 10
2 10
3 11
4 11
5 11
6 11
7 11
8 11
9 0
 10 0 1 2
 11 0 3 4 5 6 7 8

17 12
0 9 10
1 10 11
2 10
3 11
4 11
5 11
6 11
7 11
8 11
9 0
 10 0 1 2
 11 1 3 4 5 6 7 8

18 12
0 9 10
1 10
2 10
3 11
4 11
5 11
6 11
7 11
8 11
9 0 11
 10 0 1 2
 11 3 4 5 6 7 8 9

19 12
0 9 10
1 10
2 10
3 11
4 11
5 11
6 11
7 11
8 11
9 0
 10 0 1 2 11
 11 3 4 5 6 7 8 10

20 12
0 9 11
1 10 11
2 10
3 10
4 11
5 11
6 11
7 11
8 11
9 0
 10 1 2 3
 11 0 1 4 5 6 7 8

21 12
0 9 11
1 10
2 10
3 10
4 11
5 11
6 11
7 11
8 11
9 0
 10 1 2 3 11
 11 0 4 5 6 7 8 10

22 12
0 9 10 11
1 10
2 10
3 10
4 11
5 11
6 11
7 11
8 11
9 0
 10 0 1 2 3
 11 0 4 5 6 7 8

23 12
0 9 10
1 10 11
2 10
3 10
4 11
5 11
6 11
7 11
8 11
9 0
 10 0 1 2 3
 11 1 4 5 6 7 8

24 12
0 9 10
1 10
2 10
3 10
4 11
5 11
6 11
7 11
8 11
9 0 11
 10 0 1 2 3
 11 4 5 6 7 8 9

25 12
0 9 10
1 10
2 10
3 10
4 11
5 11
6 11
7 11
8 11
9 0
 10 0 1 2 3 11
 11 4 5 6 7 8 10

26 12
0 9 11
1 10 11
2 10
3 10
4 10
5 11
6 11
7 11
8 11
9 0
 10 1 2 3 4
 11 0 1 5 6 7 8

27 12
0 9 11
1 10
2 10
3 10
4 10
5 11
6 11
7 11
8 11
9 0
 10 1 2 3 4 11
 11 0 5 6 7 8 10

28 12
0 9 10 11
1 10
2 10
3 10
4 10
5 11
6 11
7 11
8 11
9 0
 10 0 1 2 3 4
 11 0 5 6 7 8

29 12
0 9 10
1 10
2 10
3 10
4 10
5 11
6 11
7 11
8 11
9 0 11
 10 0 1 2 3 4
 11 5 6 7 8 9

30 12
0 9 11
1 10 11
2 10
3 10
4 10
5 10
6 11
7 11
8 11
9 0
 10 1 2 3 4 5
 11 0 1 6 7 8

31 12
0 9 10 11
1 9
2 10
3 11
4 11
5 11
6 11
7 11
8 11
9 0 1
 10 0 2
 11 0 3 4 5 6 7 8

32 12
0 9 10
1 9 11
2 10
3 11
4 11
5 11
6 11
7 11
8 11
9 0 1
 10 0 2
 11 1 3 4 5 6 7 8

33 12
0 9 10
1 9
2 10
3 11
4 11
5 11
6 11
7 11
8 11
9 0 1 11
 10 0 2
 11 3 4 5 6 7 8 9

34 12
0 9 11
1 9
2 10 11
3 10
4 11
5 11
6 11
7 11
8 11
9 0 1
 10 2 3
 11 0 2 4 5 6 7 8

35 12
0 9
1 9
2 10 11
3 10
4 11
5 11
6 11
7 11
8 11
9 0 1 11
 10 2 3
 11 2 4 5 6 7 8 9

36 12
0 9
1 9
2 10
3 10
4 11
5 11
6 11
7 11
8 11
9 0 1 11
 10 2 3 11
 11 4 5 6 7 8 9 10

37 12
0 9 10 11
1 9
2 10
3 10
4 11
5 11
6 11
7 11
8 11
9 0 1
 10 0 2 3
 11 0 4 5 6 7 8

38 12
0 9 10
1 9 11
2 10
3 10
4 11
5 11
6 11
7 11
8 11
9 0 1
 10 0 2 3
 11 1 4 5 6 7 8

39 12
0 9 10
1 9
2 10 11
3 10
4 11
5 11
6 11
7 11
8 11
9 0 1
 10 0 2 3
 11 2 4 5 6 7 8

40 12
0 9 10
1 9
2 10
3 10
4 11
5 11
6 11
7 11
8 11
9 0 1 11
 10 0 2 3
 11 4 5 6 7 8 9

41 12
0 9 10
1 9
2 10
3 10
4 11
5 11
6 11
7 11
8 11
9 0 1
 10 0 2 3 11
 11 4 5 6 7 8 10

42 12
0 9 11
1 9
2 10 11
3 10
4 10
5 11
6 11
7 11
8 11
9 0 1
 10 2 3 4
 11 0 2 5 6 7 8

43 12
0 9
1 9
2 10 11
3 10
4 10
5 11
6 11
7 11
8 11
9 0 1 11
 10 2 3 4
 11 2 5 6 7 8 9

44 12
0 9 11
1 9
2 10
3 10
4 10
5 11
6 11
7 11
8 11
9 0 1
 10 2 3 4 11
 11 0 5 6 7 8 10

45 12
0 9
1 9
2 10
3 10
4 10
5 11
6 11
7 11
8 11
9 0 1 11
 10 2 3 4 11
 11 5 6 7 8 9 10

46 12
0 9 11
1 9
2 10
3 10
4 11
5 11
6 11
7 11
8 11
9 0 1 10
 10 2 3 9
 11 0 4 5 6 7 8

47 12
0 9
1 9
2 10
3 10
4 11
5 11
6 11
7 11
8 11
9 0 1 10 11
 10 2 3 9
 11 4 5 6 7 8 9

48 12
0 9 10 11
1 9
2 10
3 10
4 10
5 11
6 11
7 11
8 11
9 0 1
 10 0 2 3 4
 11 0 5 6 7 8

49 12
0 9 10
1 9 11
2 10
3 10
4 10
5 11
6 11
7 11
8 11
9 0 1
 10 0 2 3 4
 11 1 5 6 7 8

50 12
0 9 10
1 9
2 10 11
3 10
4 10
5 11
6 11
7 11
8 11
9 0 1
 10 0 2 3 4
 11 2 5 6 7 8

51 12
0 9 10
1 9
2 10
3 10
4 10
5 11
6 11
7 11
8 11
9 0 1 11
 10 0 2 3 4
 11 5 6 7 8 9

52 12
0 9 11
1 9
2 10 11
3 10
4 10
5 10
6 11
7 11
8 11
9 0 1
 10 2 3 4 5
 11 0 2 6 7 8

53 12
0 9
1 9
2 10 11
3 10
4 10
5 10
6 11
7 11
8 11
9 0 1 11
 10 2 3 4 5
 11 2 6 7 8 9

54 12
0 9 11
1 9
2 10
3 10
4 10
5 10
6 11
7 11
8 11
9 0 1
 10 2 3 4 5 11
 11 0 6 7 8 10

55 12
0 9 11
1 9
2 10
3 10
4 10
5 11
6 11
7 11
8 11
9 0 1 10
 10 2 3 4 9
 11 0 5 6 7 8

56 12
0 9
1 9
2 10 11
3 10
4 10
5 11
6 11
7 11
8 11
9 0 1 10
 10 2 3 4 9
 11 2 5 6 7 8

57 12
0 9
1 9
2 10
3 10
4 10
5 11
6 11
7 11
8 11
9 0 1 10 11
 10 2 3 4 9
 11 5 6 7 8 9

58 12
0 9
1 9
2 10
3 10
4 10
5 11
6 11
7 11
8 11
9 0 1 10
 10 2 3 4 9 11
 11 5 6 7 8 10

59 12
0 9 10 11
1 9
2 9
3 10
4 10
5 11
6 11
7 11
8 11
9 0 1 2
 10 0 3 4
 11 0 5 6 7 8

60 12
0 9 10
1 9 11
2 9
3 10
4 10
5 11
6 11
7 11
8 11
9 0 1 2
 10 0 3 4
 11 1 5 6 7 8

61 12
0 9 10
1 9
2 9
3 10
4 10
5 11
6 11
7 11
8 11
9 0 1 2 11
 10 0 3 4
 11 5 6 7 8 9

62 12
0 9 11
1 9
2 9
3 10 11
4 10
5 10
6 11
7 11
8 11
9 0 1 2
 10 3 4 5
 11 0 3 6 7 8

63 12
0 9
1 9
2 9
3 10 11
4 10
5 10
6 11
7 11
8 11
9 0 1 2 11
 10 3 4 5
 11 3 6 7 8 9

64 12
0 9
1 9
2 9
3 10
4 10
5 10
6 11
7 11
8 11
9 0 1 2 11
 10 3 4 5 11
 11 6 7 8 9 10

65 12
0 9 10 11
1 9
2 9
3 10
4 10
5 10
6 11
7 11
8 11
9 0 1 2
 10 0 3 4 5
 11 0 6 7 8

66 12
0 9 10
1 9 11
2 9
3 10
4 10
5 10
6 11
7 11
8 11
9 0 1 2
 10 0 3 4 5
 11 1 6 7 8

67 12
0 9 10
1 9
2 9
3 10
4 10
5 10
6 11
7 11
8 11
9 0 1 2 11
 10 0 3 4 5
 11 6 7 8 9

68 12
0 9 11
1 9
2 9
3 10 11
4 10
5 10
6 10
7 11
8 11
9 0 1 2
 10 3 4 5 6
 11 0 3 7 8

69 12
0 8 11
1 9 11
2 10 11
3 11
4 11
5 11
6 11
7 11
8 0
9 1
 10 2
 11 0 1 2 3 4 5 6 7

70 12
0 8 10 11
1 9 11
2 10
3 11
4 11
5 11
6 11
7 11
8 0
9 1
 10 0 2
 11 0 1 3 4 5 6 7

71 12
0 8 10
1 9 11
2 10 11
3 11
4 11
5 11
6 11
7 11
8 0
9 1
 10 0 2
 11 1 2 3 4 5 6 7

72 12
0 8 11
1 9 11
2 10 11
3 10
4 11
5 11
6 11
7 11
8 0
9 1
 10 2 3
 11 0 1 2 4 5 6 7

73 12
0 8 11
1 9 11
2 10
3 10
4 11
5 11
6 11
7 11
8 0
9 1
 10 2 3 11
 11 0 1 4 5 6 7 10

74 12
0 8 10 11
1 9 10
2 10
3 11
4 11
5 11
6 11
7 11
8 0
9 1
 10 0 1 2
 11 0 3 4 5 6 7

75 12
0 8 10
1 9 10
2 10 11
3 11
4 11
5 11
6 11
7 11
8 0
9 1
 10 0 1 2
 11 2 3 4 5 6 7

76 12
0 8 10
1 9 10
2 10
3 11
4 11
5 11
6 11
7 11
8 0 11
9 1
 10 0 1 2
 11 3 4 5 6 7 8

77 12
0 8 10
1 9 10
2 10
3 11
4 11
5 11
6 11
7 11
8 0
9 1
 10 0 1 2 11
 11 3 4 5 6 7 10

78 12
0 8 10 11
1 9 11
2 10
3 10
4 11
5 11
6 11
7 11
8 0
9 1
 10 0 2 3
 11 0 1 4 5 6 7

79 12
0 8 10
1 9 11
2 10 11
3 10
4 11
5 11
6 11
7 11
8 0
9 1
 10 0 2 3
 11 1 2 4 5 6 7

80 12
0 8 10
1 9 11
2 10
3 10
4 11
5 11
6 11
7 11
8 0 11
9 1
 10 0 2 3
 11 1 4 5 6 7 8

81 12
0 8 10
1 9 11
2 10
3 10
4 11
5 11
6 11
7 11
8 0
9 1
 10 0 2 3 11
 11 1 4 5 6 7 10

82 12
0 8 11
1 9 11
2 10 11
3 10
4 10
5 11
6 11
7 11
8 0
9 1
 10 2 3 4
 11 0 1 2 5 6 7

83 12
0 8 11
1 9 11
2 10
3 10
4 10
5 11
6 11
7 11
8 0
9 1
 10 2 3 4 11
 11 0 1 5 6 7 10

84 12
0 8 10 11
1 9 10
2 10
3 10
4 11
5 11
6 11
7 11
8 0
9 1
 10 0 1 2 3
 11 0 4 5 6 7

85 12
0 8 10
1 9 10
2 10 11
3 10
4 11
5 11
6 11
7 11
8 0
9 1
 10 0 1 2 3
 11 2 4 5 6 7

86 12
0 8 10
1 9 10
2 10
3 10
4 11
5 11
6 11
7 11
8 0 11
9 1
 10 0 1 2 3
 11 4 5 6 7 8

87 12
0 8 10 11
1 9 11
2 10
3 10
4 10
5 11
6 11
7 11
8 0
9 1
 10 0 2 3 4
 11 0 1 5 6 7

88 12
0 8 10
1 9 11
2 10 11
3 10
4 10
5 11
6 11
7 11
8 0
9 1
 10 0 2 3 4
 11 1 2 5 6 7

89 12
0 8 10
1 9 11
2 10
3 10
4 10
5 11
6 11
7 11
8 0 11
9 1
 10 0 2 3 4
 11 1 5 6 7 8

90 12
0 8 10
1 9 11
2 10
3 10
4 10
5 11
6 11
7 11
8 0
9 1
 10 0 2 3 4 11
 11 1 5 6 7 10

91 12
0 8 11
1 9 11
2 10 11
3 10
4 10
5 10
6 11
7 11
8 0
9 1
 10 2 3 4 5
 11 0 1 2 6 7

92 12
0 8 11
1 9 11
2 10
3 10
4 10
5 10
6 11
7 11
8 0
9 1
 10 2 3 4 5 11
 11 0 1 6 7 10

93 12
0 8 9 11
1 9 10
2 10
3 11
4 11
5 11
6 11
7 11
8 0
9 0 1
 10 1 2
 11 0 3 4 5 6 7

94 12
0 8 9
1 9 10 11
2 10
3 11
4 11
5 11
6 11
7 11
8 0
9 0 1
 10 1 2
 11 1 3 4 5 6 7

95 12
0 8 9
1 9 10
2 10 11
3 11
4 11
5 11
6 11
7 11
8 0
9 0 1
 10 1 2
 11 2 3 4 5 6 7

96 12
0 8 9 11
1 9
2 10 11
3 10
4 11
5 11
6 11
7 11
8 0
9 0 1
 10 2 3
 11 0 2 4 5 6 7

97 12
0 8 9
1 9 11
2 10 11
3 10
4 11
5 11
6 11
7 11
8 0
9 0 1
 10 2 3
 11 1 2 4 5 6 7

98 12
0 8 9 11
1 9
2 10
3 10
4 11
5 11
6 11
7 11
8 0
9 0 1
 10 2 3 11
 11 0 4 5 6 7 10

99 12
0 8 9
1 9 11
2 10
3 10
4 11
5 11
6 11
7 11
8 0
9 0 1
 10 2 3 11
 11 1 4 5 6 7 10

100 12
0 8 9 11
1 9 10
2 10
3 10
4 11
5 11
6 11
7 11
8 0
9 0 1
 10 1 2 3
 11 0 4 5 6 7

101 12
0 8 9
1 9 10 11
2 10
3 10
4 11
5 11
6 11
7 11
8 0
9 0 1
 10 1 2 3
 11 1 4 5 6 7

102 12
0 8 9
1 9 10
2 10 11
3 10
4 11
5 11
6 11
7 11
8 0
9 0 1
 10 1 2 3
 11 2 4 5 6 7

103 12
0 8 9
1 9 10
2 10
3 10
4 11
5 11
6 11
7 11
8 0 11
9 0 1
 10 1 2 3
 11 4 5 6 7 8

104 12
0 8 9
1 9 10
2 10
3 10
4 11
5 11
6 11
7 11
8 0
9 0 1 11
 10 1 2 3
 11 4 5 6 7 9

105 12
0 8 9
1 9 10
2 10
3 10
4 11
5 11
6 11
7 11
8 0
9 0 1
 10 1 2 3 11
 11 4 5 6 7 10

106 12
0 8 9 11
1 9
2 10 11
3 10
4 10
5 11
6 11
7 11
8 0
9 0 1
 10 2 3 4
 11 0 2 5 6 7

107 12
0 8 9
1 9 11
2 10 11
3 10
4 10
5 11
6 11
7 11
8 0
9 0 1
 10 2 3 4
 11 1 2 5 6 7

108 12
0 8 9 11
1 9
2 10
3 10
4 10
5 11
6 11
7 11
8 0
9 0 1
 10 2 3 4 11
 11 0 5 6 7 10

109 12
0 8 9
1 9 11
2 10
3 10
4 10
5 11
6 11
7 11
8 0
9 0 1
 10 2 3 4 11
 11 1 5 6 7 10

110 12
0 8 9 10
1 9 11
2 10
3 10
4 10
5 11
6 11
7 11
8 0
9 0 1
 10 0 2 3 4
 11 1 5 6 7

111 12
0 8 9 10
1 9
2 10
3 10
4 10
5 11
6 11
7 11
8 0 11
9 0 1
 10 0 2 3 4
 11 5 6 7 8

112 12
0 8 9 10
1 9
2 10
3 10
4 10
5 11
6 11
7 11
8 0
9 0 1 11
 10 0 2 3 4
 11 5 6 7 9

113 12
0 8 9
1 9 10 11
2 10
3 10
4 10
5 11
6 11
7 11
8 0
9 0 1
 10 1 2 3 4
 11 1 5 6 7

114 12
0 8 9
1 9 10
2 10
3 10
4 10
5 11
6 11
7 11
8 0 11
9 0 1
 10 1 2 3 4
 11 5 6 7 8

115 12
0 8 9 11
1 9
2 10 11
3 10
4 10
5 10
6 11
7 11
8 0
9 0 1
 10 2 3 4 5
 11 0 2 6 7

116 12
0 8 9
1 9 11
2 10 11
3 10
4 10
5 10
6 11
7 11
8 0
9 0 1
 10 2 3 4 5
 11 1 2 6 7

117 12
0 8 11
1 9 10 11
2 9
3 10
4 11
5 11
6 11
7 11
8 0
9 1 2
 10 1 3
 11 0 1 4 5 6 7

118 12
0 8 11
1 9 10
2 9 11
3 10
4 11
5 11
6 11
7 11
8 0
9 1 2
 10 1 3
 11 0 2 4 5 6 7

119 12
0 8 11
1 9 10
2 9
3 10
4 11
5 11
6 11
7 11
8 0
9 1 2 11
 10 1 3
 11 0 4 5 6 7 9

120 12
0 8 11
1 9 11
2 9
3 10 11
4 10
5 11
6 11
7 11
8 0
9 1 2
 10 3 4
 11 0 1 3 5 6 7

121 12
0 8 11
1 9
2 9
3 10 11
4 10
5 11
6 11
7 11
8 0
9 1 2 11
 10 3 4
 11 0 3 5 6 7 9

122 12
0 8 11
1 9
2 9
3 10
4 10
5 11
6 11
7 11
8 0
9 1 2 11
 10 3 4 11
 11 0 5 6 7 9 10

123 12
0 8 10 11
1 9 10
2 9
3 10
4 11
5 11
6 11
7 11
8 0
9 1 2
 10 0 1 3
 11 0 4 5 6 7

124 12
0 8 10
1 9 10 11
2 9
3 10
4 11
5 11
6 11
7 11
8 0
9 1 2
 10 0 1 3
 11 1 4 5 6 7

125 12
0 8 10
1 9 10
2 9 11
3 10
4 11
5 11
6 11
7 11
8 0
9 1 2
 10 0 1 3
 11 2 4 5 6 7

126 12
0 8 10
1 9 10
2 9
3 10 11
4 11
5 11
6 11
7 11
8 0
9 1 2
 10 0 1 3
 11 3 4 5 6 7

127 12
0 8 10
1 9 10
2 9
3 10
4 11
5 11
6 11
7 11
8 0 11
9 1 2
 10 0 1 3
 11 4 5 6 7 8

128 12
0 8 10
1 9 10
2 9
3 10
4 11
5 11
6 11
7 11
8 0
9 1 2 11
 10 0 1 3
 11 4 5 6 7 9

129 12
0 8 10
1 9 10
2 9
3 10
4 11
5 11
6 11
7 11
8 0
9 1 2
 10 0 1 3 11
 11 4 5 6 7 10

130 12
0 8 10 11
1 9 11
2 9
3 10
4 10
5 11
6 11
7 11
8 0
9 1 2
 10 0 3 4
 11 0 1 5 6 7

131 12
0 8 10
1 9 11
2 9
3 10 11
4 10
5 11
6 11
7 11
8 0
9 1 2
 10 0 3 4
 11 1 3 5 6 7

132 12
0 8 10
1 9 11
2 9
3 10
4 10
5 11
6 11
7 11
8 0 11
9 1 2
 10 0 3 4
 11 1 5 6 7 8

133 12
0 8 10 11
1 9
2 9
3 10
4 10
5 11
6 11
7 11
8 0
9 1 2 11
 10 0 3 4
 11 0 5 6 7 9

134 12
0 8 10
1 9
2 9
3 10 11
4 10
5 11
6 11
7 11
8 0
9 1 2 11
 10 0 3 4
 11 3 5 6 7 9

135 12
0 8 10
1 9
2 9
3 10
4 10
5 11
6 11
7 11
8 0 11
9 1 2 11
 10 0 3 4
 11 5 6 7 8 9

136 12
0 8 10
1 9 11
2 9
3 10
4 10
5 11
6 11
7 11
8 0
9 1 2
 10 0 3 4 11
 11 1 5 6 7 10

137 12
0 8 10
1 9
2 9
3 10
4 10
5 11
6 11
7 11
8 0
9 1 2 11
 10 0 3 4 11
 11 5 6 7 9 10

138 12
0 8 11
1 9 10 11
2 9
3 10
4 10
5 11
6 11
7 11
8 0
9 1 2
 10 1 3 4
 11 0 1 5 6 7

139 12
0 8 11
1 9 10
2 9 11
3 10
4 10
5 11
6 11
7 11
8 0
9 1 2
 10 1 3 4
 11 0 2 5 6 7

140 12
0 8 11
1 9 10
2 9
3 10 11
4 10
5 11
6 11
7 11
8 0
9 1 2
 10 1 3 4
 11 0 3 5 6 7

141 12
0 8 11
1 9 10
2 9
3 10
4 10
5 11
6 11
7 11
8 0
9 1 2 11
 10 1 3 4
 11 0 5 6 7 9

142 12
0 8 11
1 9 10
2 9
3 10
4 10
5 11
6 11
7 11
8 0
9 1 2
 10 1 3 4 11
 11 0 5 6 7 10

143 12
0 8 11
1 9 11
2 9
3 10 11
4 10
5 10
6 11
7 11
8 0
9 1 2
 10 3 4 5
 11 0 1 3 6 7

144 12
0 8 11
1 9
2 9
3 10 11
4 10
5 10
6 11
7 11
8 0
9 1 2 11
 10 3 4 5
 11 0 3 6 7 9

145 12
0 8 11
1 9 11
2 9
3 10
4 10
5 10
6 11
7 11
8 0
9 1 2
 10 3 4 5 11
 11 0 1 6 7 10

146 12
0 8 11
1 9
2 9
3 10
4 10
5 10
6 11
7 11
8 0
9 1 2 11
 10 3 4 5 11
 11 0 6 7 9 10

147 12
0 8 10 11
1 9
2 9
3 10
4 11
5 11
6 11
7 11
8 0
9 1 2 10
 10 0 3 9
 11 0 4 5 6 7

148 12
0 8 10
1 9 11
2 9
3 10
4 11
5 11
6 11
7 11
8 0
9 1 2 10
 10 0 3 9
 11 1 4 5 6 7

149 12
0 8 10
1 9
2 9
3 10 11
4 11
5 11
6 11
7 11
8 0
9 1 2 10
 10 0 3 9
 11 3 4 5 6 7

150 12
0 8 10
1 9
2 9
3 10
4 11
5 11
6 11
7 11
8 0 11
9 1 2 10
 10 0 3 9
 11 4 5 6 7 8

151 12
0 8 10
1 9
2 9
3 10
4 11
5 11
6 11
7 11
8 0
9 1 2 10 11
 10 0 3 9
 11 4 5 6 7 9

152 12
0 8 10
1 9
2 9
3 10
4 11
5 11
6 11
7 11
8 0
9 1 2 10
 10 0 3 9 11
 11 4 5 6 7 10

153 12
0 8 11
1 9 11
2 9
3 10
4 10
5 11
6 11
7 11
8 0
9 1 2 10
 10 3 4 9
 11 0 1 5 6 7

154 12
0 8 11
1 9
2 9
3 10
4 10
5 11
6 11
7 11
8 0
9 1 2 10 11
 10 3 4 9
 11 0 5 6 7 9

155 12
0 8 10 11
1 9 11
2 9
3 10
4 10
5 10
6 11
7 11
8 0
9 1 2
 10 0 3 4 5
 11 0 1 6 7

156 12
0 8 10
1 9 11
2 9
3 10
4 10
5 10
6 11
7 11
8 0 11
9 1 2
 10 0 3 4 5
 11 1 6 7 8

157 12
0 8 11
1 9 10 11
2 9
3 10
4 10
5 10
6 11
7 11
8 0
9 1 2
 10 1 3 4 5
 11 0 1 6 7

158 12
0 8 11
1 9 10
2 9 11
3 10
4 10
5 10
6 11
7 11
8 0
9 1 2
 10 1 3 4 5
 11 0 2 6 7

159 12
0 8 11
1 9 10
2 9
3 10 11
4 10
5 10
6 11
7 11
8 0
9 1 2
 10 1 3 4 5
 11 0 3 6 7

160 12
0 8 11
1 9 10
2 9
3 10
4 10
5 10
6 11
7 11
8 0
9 1 2 11
 10 1 3 4 5
 11 0 6 7 9

161 12
0 8 11
1 9 11
2 9
3 10 11
4 10
5 10
6 10
7 11
8 0
9 1 2
 10 3 4 5 6
 11 0 1 3 7

162 12
0 8 11
1 9
2 9
3 10 11
4 10
5 10
6 10
7 11
8 0
9 1 2 11
 10 3 4 5 6
 11 0 3 7 9

163 12
0 8 10 11
1 9
2 9
3 10
4 10
5 11
6 11
7 11
8 0
9 1 2 10
 10 0 3 4 9
 11 0 5 6 7

164 12
0 8 10
1 9
2 9
3 10
4 10
5 11
6 11
7 11
8 0 11
9 1 2 10
 10 0 3 4 9
 11 5 6 7 8

165 12
0 8 11
1 9 11
2 9
3 10
4 10
5 10
6 11
7 11
8 0
9 1 2 10
 10 3 4 5 9
 11 0 1 6 7

166 12
0 8 11
1 9
2 9
3 10 11
4 10
5 10
6 11
7 11
8 0
9 1 2 10
 10 3 4 5 9
 11 0 3 6 7

167 12
0 8 9 10
1 9 11
2 9
3 10
4 10
5 11
6 11
7 11
8 0
9 0 1 2
 10 0 3 4
 11 1 5 6 7

168 12
0 8 9 10
1 9
2 9
3 10
4 10
5 11
6 11
7 11
8 0 11
9 0 1 2
 10 0 3 4
 11 5 6 7 8

169 12
0 8 9 10
1 9
2 9
3 10
4 10
5 11
6 11
7 11
8 0
9 0 1 2 11
 10 0 3 4
 11 5 6 7 9

170 12
0 8 9 11
1 9
2 9
3 10
4 10
5 11
6 11
7 11
8 0 10
9 0 1 2
 10 3 4 8
 11 0 5 6 7

171 12
0 8 9
1 9 11
2 9
3 10
4 10
5 11
6 11
7 11
8 0 10
9 0 1 2
 10 3 4 8
 11 1 5 6 7

172 12
0 8 10 11
1 9 10
2 9
3 9
4 10
5 11
6 11
7 11
8 0
9 1 2 3
 10 0 1 4
 11 0 5 6 7

173 12
0 8 10
1 9 10 11
2 9
3 9
4 10
5 11
6 11
7 11
8 0
9 1 2 3
 10 0 1 4
 11 1 5 6 7

174 12
0 8 10
1 9 10
2 9 11
3 9
4 10
5 11
6 11
7 11
8 0
9 1 2 3
 10 0 1 4
 11 2 5 6 7

175 12
0 8 10
1 9 10
2 9
3 9
4 10 11
5 11
6 11
7 11
8 0
9 1 2 3
 10 0 1 4
 11 4 5 6 7

176 12
0 8 10
1 9 10
2 9
3 9
4 10
5 11
6 11
7 11
8 0 11
9 1 2 3
 10 0 1 4
 11 5 6 7 8

177 12
0 8 10 11
1 9 11
2 9
3 9
4 10
5 10
6 11
7 11
8 0
9 1 2 3
 10 0 4 5
 11 0 1 6 7

178 12
0 8 10
1 9 11
2 9
3 9
4 10 11
5 10
6 11
7 11
8 0
9 1 2 3
 10 0 4 5
 11 1 4 6 7

179 12
0 8 10
1 9 11
2 9
3 9
4 10
5 10
6 11
7 11
8 0 11
9 1 2 3
 10 0 4 5
 11 1 6 7 8

180 12
0 8 10
1 9
2 9
3 9
4 10 11
5 10
6 11
7 11
8 0
9 1 2 3 11
 10 0 4 5
 11 4 6 7 9

181 12
0 8 10
1 9
2 9
3 9
4 10
5 10
6 11
7 11
8 0 11
9 1 2 3 11
 10 0 4 5
 11 6 7 8 9

182 12
0 8 10
1 9
2 9
3 9
4 10
5 10
6 11
7 11
8 0
9 1 2 3 11
 10 0 4 5 11
 11 6 7 9 10

183 12
0 8 11
1 9 10 11
2 9
3 9
4 10
5 10
6 11
7 11
8 0
9 1 2 3
 10 1 4 5
 11 0 1 6 7

184 12
0 8 11
1 9 10
2 9 11
3 9
4 10
5 10
6 11
7 11
8 0
9 1 2 3
 10 1 4 5
 11 0 2 6 7

185 12
0 8 11
1 9 10
2 9
3 9
4 10
5 10
6 11
7 11
8 0
9 1 2 3 11
 10 1 4 5
 11 0 6 7 9

186 12
0 8 11
1 9 11
2 9
3 9
4 10 11
5 10
6 10
7 11
8 0
9 1 2 3
 10 4 5 6
 11 0 1 4 7

187 12
0 8 11
1 9
2 9
3 9
4 10 11
5 10
6 10
7 11
8 0
9 1 2 3 11
 10 4 5 6
 11 0 4 7 9

188 12
0 8 11
1 9
2 9
3 9
4 10
5 10
6 10
7 11
8 0
9 1 2 3 11
 10 4 5 6 11
 11 0 7 9 10

189 12
0 8 9 11
1 8 10
2 9
3 10
4 11
5 11
6 11
7 11
8 0 1
9 0 2
 10 1 3
 11 0 4 5 6 7

190 12
0 8 9
1 8 10
2 9 11
3 10
4 11
5 11
6 11
7 11
8 0 1
9 0 2
 10 1 3
 11 2 4 5 6 7

191 12
0 8 9
1 8 10
2 9
3 10
4 11
5 11
6 11
7 11
8 0 1 11
9 0 2
 10 1 3
 11 4 5 6 7 8

192 12
0 8 9
1 8 10
2 9
3 10
4 11
5 11
6 11
7 11
8 0 1
9 0 2 11
 10 1 3
 11 4 5 6 7 9

193 12
0 8 9 11
1 8
2 9
3 10 11
4 10
5 11
6 11
7 11
8 0 1
9 0 2
 10 3 4
 11 0 3 5 6 7

194 12
0 8 9
1 8 11
2 9
3 10 11
4 10
5 11
6 11
7 11
8 0 1
9 0 2
 10 3 4
 11 1 3 5 6 7

195 12
0 8 9
1 8
2 9
3 10 11
4 10
5 11
6 11
7 11
8 0 1 11
9 0 2
 10 3 4
 11 3 5 6 7 8

196 12
0 8 9 11
1 8
2 9
3 10
4 10
5 11
6 11
7 11
8 0 1
9 0 2
 10 3 4 11
 11 0 5 6 7 10

197 12
0 8 9
1 8 11
2 9
3 10
4 10
5 11
6 11
7 11
8 0 1
9 0 2
 10 3 4 11
 11 1 5 6 7 10

198 12
0 8 9
1 8
2 9
3 10
4 10
5 11
6 11
7 11
8 0 1 11
9 0 2
 10 3 4 11
 11 5 6 7 8 10

199 12
0 8 9 11
1 8 10
2 9
3 10
4 10
5 11
6 11
7 11
8 0 1
9 0 2
 10 1 3 4
 11 0 5 6 7

200 12
0 8 9
1 8 10 11
2 9
3 10
4 10
5 11
6 11
7 11
8 0 1
9 0 2
 10 1 3 4
 11 1 5 6 7

201 12
0 8 9
1 8 10
2 9 11
3 10
4 10
5 11
6 11
7 11
8 0 1
9 0 2
 10 1 3 4
 11 2 5 6 7

202 12
0 8 9
1 8 10
2 9
3 10 11
4 10
5 11
6 11
7 11
8 0 1
9 0 2
 10 1 3 4
 11 3 5 6 7

203 12
0 8 9
1 8 10
2 9
3 10
4 10
5 11
6 11
7 11
8 0 1 11
9 0 2
 10 1 3 4
 11 5 6 7 8

204 12
0 8 9
1 8 10
2 9
3 10
4 10
5 11
6 11
7 11
8 0 1
9 0 2 11
 10 1 3 4
 11 5 6 7 9

205 12
0 8 9 11
1 8
2 9
3 10 11
4 10
5 10
6 11
7 11
8 0 1
9 0 2
 10 3 4 5
 11 0 3 6 7

206 12
0 8 9
1 8 11
2 9
3 10 11
4 10
5 10
6 11
7 11
8 0 1
9 0 2
 10 3 4 5
 11 1 3 6 7

207 12
0 8 9
1 8
2 9
3 10 11
4 10
5 10
6 11
7 11
8 0 1 11
9 0 2
 10 3 4 5
 11 3 6 7 8

208 12
0 8 9
1 8 11
2 9
3 10
4 10
5 10
6 11
7 11
8 0 1
9 0 2
 10 3 4 5 11
 11 1 6 7 10

209 12
0 8 9
1 8
2 9
3 10
4 10
5 10
6 11
7 11
8 0 1 11
9 0 2
 10 3 4 5 11
 11 6 7 8 10

210 12
0 8 11
1 8
2 9 11
3 9
4 10 11
5 10
6 11
7 11
8 0 1
9 2 3
 10 4 5
 11 0 2 4 6 7

211 12
0 8
1 8
2 9 11
3 9
4 10 11
5 10
6 11
7 11
8 0 1 11
9 2 3
 10 4 5
 11 2 4 6 7 8

212 12
0 8
1 8
2 9
3 9
4 10 11
5 10
6 11
7 11
8 0 1 11
9 2 3 11
 10 4 5
 11 4 6 7 8 9

213 12
0 8
1 8
2 9
3 9
4 10
5 10
6 11
7 11
8 0 1 11
9 2 3 11
 10 4 5 11
 11 6 7 8 9 10

214 12
0 8 10 11
1 8
2 9 10
3 9
4 10
5 11
6 11
7 11
8 0 1
9 2 3
 10 0 2 4
 11 0 5 6 7

215 12
0 8 10
1 8 11
2 9 10
3 9
4 10
5 11
6 11
7 11
8 0 1
9 2 3
 10 0 2 4
 11 1 5 6 7

216 12
0 8 10
1 8
2 9 10
3 9
4 10 11
5 11
6 11
7 11
8 0 1
9 2 3
 10 0 2 4
 11 4 5 6 7

217 12
0 8 10
1 8
2 9 10
3 9
4 10
5 11
6 11
7 11
8 0 1 11
9 2 3
 10 0 2 4
 11 5 6 7 8

218 12
0 8 10 11
1 8
2 9 11
3 9
4 10
5 10
6 11
7 11
8 0 1
9 2 3
 10 0 4 5
 11 0 2 6 7

219 12
0 8 10
1 8 11
2 9 11
3 9
4 10
5 10
6 11
7 11
8 0 1
9 2 3
 10 0 4 5
 11 1 2 6 7

220 12
0 8 10
1 8
2 9 11
3 9
4 10 11
5 10
6 11
7 11
8 0 1
9 2 3
 10 0 4 5
 11 2 4 6 7

221 12
0 8 10
1 8
2 9 11
3 9
4 10
5 10
6 11
7 11
8 0 1 11
9 2 3
 10 0 4 5
 11 2 6 7 8

222 12
0 8 10 11
1 8
2 9
3 9
4 10
5 10
6 11
7 11
8 0 1
9 2 3 11
 10 0 4 5
 11 0 6 7 9

223 12
0 8 10
1 8 11
2 9
3 9
4 10
5 10
6 11
7 11
8 0 1
9 2 3 11
 10 0 4 5
 11 1 6 7 9

224 12
0 8 10
1 8
2 9
3 9
4 10 11
5 10
6 11
7 11
8 0 1
9 2 3 11
 10 0 4 5
 11 4 6 7 9

225 12
0 8 10
1 8
2 9
3 9
4 10
5 10
6 11
7 11
8 0 1 11
9 2 3 11
 10 0 4 5
 11 6 7 8 9

226 12
0 8 10
1 8
2 9 11
3 9
4 10
5 10
6 11
7 11
8 0 1
9 2 3
 10 0 4 5 11
 11 2 6 7 10

227 12
0 8 11
1 8
2 9 11
3 9
4 10 11
5 10
6 10
7 11
8 0 1
9 2 3
 10 4 5 6
 11 0 2 4 7

228 12
0 8
1 8
2 9 11
3 9
4 10 11
5 10
6 10
7 11
8 0 1 11
9 2 3
 10 4 5 6
 11 2 4 7 8

229 12
0 8
1 8
2 9
3 9
4 10 11
5 10
6 10
7 11
8 0 1 11
9 2 3 11
 10 4 5 6
 11 4 7 8 9

230 12
0 8 11
1 8
2 9 11
3 9
4 10
5 10
6 10
7 11
8 0 1
9 2 3
 10 4 5 6 11
 11 0 2 7 10

231 12
0 8
1 8
2 9 11
3 9
4 10
5 10
6 10
7 11
8 0 1 11
9 2 3
 10 4 5 6 11
 11 2 7 8 10

232 12
0 8
1 8
2 9
3 9
4 10
5 10
6 10
7 11
8 0 1 11
9 2 3 11
 10 4 5 6 11
 11 7 8 9 10

233 12
0 8 11
1 8
2 9 10
3 9
4 10
5 11
6 11
7 11
8 0 1 10
9 2 3
 10 2 4 8
 11 0 5 6 7

234 12
0 8
1 8
2 9 10 11
3 9
4 10
5 11
6 11
7 11
8 0 1 10
9 2 3
 10 2 4 8
 11 2 5 6 7

235 12
0 8
1 8
2 9 10
3 9 11
4 10
5 11
6 11
7 11
8 0 1 10
9 2 3
 10 2 4 8
 11 3 5 6 7

236 12
0 8
1 8
2 9 10
3 9
4 10 11
5 11
6 11
7 11
8 0 1 10
9 2 3
 10 2 4 8
 11 4 5 6 7

237 12
0 8
1 8
2 9 10
3 9
4 10
5 11
6 11
7 11
8 0 1 10
9 2 3 11
 10 2 4 8
 11 5 6 7 9

238 12
0 8 11
1 8
2 9 11
3 9
4 10
5 10
6 11
7 11
8 0 1 10
9 2 3
 10 4 5 8
 11 0 2 6 7

239 12
0 8
1 8
2 9 11
3 9
4 10
5 10
6 11
7 11
8 0 1 10 11
9 2 3
 10 4 5 8
 11 2 6 7 8

240 12
0 8 11
1 8
2 9
3 9
4 10
5 10
6 11
7 11
8 0 1 10
9 2 3 11
 10 4 5 8
 11 0 6 7 9

241 12
0 8
1 8
2 9
3 9
4 10
5 10
6 11
7 11
8 0 1 10 11
9 2 3 11
 10 4 5 8
 11 6 7 8 9

242 12
0 8 10
1 8 11
2 9 10
3 9
4 9
5 10
6 11
7 11
8 0 1
9 2 3 4
 10 0 2 5
 11 1 6 7

243 12
0 8 10
1 8
2 9 10
3 9
4 9
5 10
6 11
7 11
8 0 1 11
9 2 3 4
 10 0 2 5
 11 6 7 8

244 12
0 8 10
1 8
2 9 11
3 9
4 9
5 10
6 10
7 11
8 0 1 11
9 2 3 4
 10 0 5 6
 11 2 7 8

245 12
0 8 11
1 8
2 9 10
3 9 11
4 9
5 10
6 10
7 11
8 0 1
9 2 3 4
 10 2 5 6
 11 0 3 7

246 12
0 8 11
1 8
2 9 11
3 9
4 9
5 10 11
6 10
7 10
8 0 1
9 2 3 4
 10 5 6 7
 11 0 2 5

247 12
0 8
1 8
2 9 11
3 9
4 9
5 10 11
6 10
7 10
8 0 1 11
9 2 3 4
 10 5 6 7
 11 2 5 8

248 12
0 7 11
1 8 11
2 9 11
3 10 11
4 11
5 11
6 11
7 0
8 1
9 2
 10 3
 11 0 1 2 3 4 5 6

249 12
0 7 10 11
1 8 11
2 9 11
3 10
4 11
5 11
6 11
7 0
8 1
9 2
 10 0 3
 11 0 1 2 4 5 6

250 12
0 7 10
1 8 11
2 9 11
3 10 11
4 11
5 11
6 11
7 0
8 1
9 2
 10 0 3
 11 1 2 3 4 5 6

251 12
0 7 11
1 8 11
2 9 11
3 10 11
4 10
5 11
6 11
7 0
8 1
9 2
 10 3 4
 11 0 1 2 3 5 6

252 12
0 7 11
1 8 11
2 9 11
3 10
4 10
5 11
6 11
7 0
8 1
9 2
 10 3 4 11
 11 0 1 2 5 6 10

253 12
0 7 10 11
1 8 10
2 9 10
3 11
4 11
5 11
6 11
7 0
8 1
9 2
 10 0 1 2
 11 0 3 4 5 6

254 12
0 7 10
1 8 10
2 9 10
3 11
4 11
5 11
6 11
7 0 11
8 1
9 2
 10 0 1 2
 11 3 4 5 6 7

255 12
0 7 10
1 8 10
2 9 10
3 11
4 11
5 11
6 11
7 0
8 1
9 2
 10 0 1 2 11
 11 3 4 5 6 10

256 12
0 7 10 11
1 8 10
2 9 11
3 10
4 11
5 11
6 11
7 0
8 1
9 2
 10 0 1 3
 11 0 2 4 5 6

257 12
0 7 10
1 8 10
2 9 11
3 10 11
4 11
5 11
6 11
7 0
8 1
9 2
 10 0 1 3
 11 2 3 4 5 6

258 12
0 7 10
1 8 10
2 9 11
3 10
4 11
5 11
6 11
7 0 11
8 1
9 2
 10 0 1 3
 11 2 4 5 6 7

259 12
0 7 10
1 8 10
2 9 11
3 10
4 11
5 11
6 11
7 0
8 1
9 2
 10 0 1 3 11
 11 2 4 5 6 10

260 12
0 7 10 11
1 8 11
2 9 11
3 10
4 10
5 11
6 11
7 0
8 1
9 2
 10 0 3 4
 11 0 1 2 5 6

261 12
0 7 10
1 8 11
2 9 11
3 10 11
4 10
5 11
6 11
7 0
8 1
9 2
 10 0 3 4
 11 1 2 3 5 6

262 12
0 7 10
1 8 11
2 9 11
3 10
4 10
5 11
6 11
7 0 11
8 1
9 2
 10 0 3 4
 11 1 2 5 6 7

263 12
0 7 10
1 8 11
2 9 11
3 10
4 10
5 11
6 11
7 0
8 1
9 2
 10 0 3 4 11
 11 1 2 5 6 10

264 12
0 7 11
1 8 11
2 9 11
3 10 11
4 10
5 10
6 11
7 0
8 1
9 2
 10 3 4 5
 11 0 1 2 3 6

265 12
0 7 11
1 8 11
2 9 11
3 10
4 10
5 10
6 11
7 0
8 1
9 2
 10 3 4 5 11
 11 0 1 2 6 10

266 12
0 7 10 11
1 8 10
2 9 11
3 10
4 10
5 11
6 11
7 0
8 1
9 2
 10 0 1 3 4
 11 0 2 5 6

267 12
0 7 10
1 8 10
2 9 11
3 10
4 10
5 11
6 11
7 0 11
8 1
9 2
 10 0 1 3 4
 11 2 5 6 7

268 12
0 7 10 11
1 8 11
2 9 11
3 10
4 10
5 10
6 11
7 0
8 1
9 2
 10 0 3 4 5
 11 0 1 2 6

269 12
0 7 10
1 8 11
2 9 11
3 10 11
4 10
5 10
6 11
7 0
8 1
9 2
 10 0 3 4 5
 11 1 2 3 6

270 12
0 7 10
1 8 11
2 9 11
3 10
4 10
5 10
6 11
7 0 11
8 1
9 2
 10 0 3 4 5
 11 1 2 6 7

271 12
0 7 11
1 8 11
2 9 11
3 10 11
4 10
5 10
6 10
7 0
8 1
9 2
 10 3 4 5 6
 11 0 1 2 3

272 12
0 7 9 11
1 8 10 11
2 9
3 10
4 11
5 11
6 11
7 0
8 1
9 0 2
 10 1 3
 11 0 1 4 5 6

273 12
0 7 9
1 8 10 11
2 9 11
3 10
4 11
5 11
6 11
7 0
8 1
9 0 2
 10 1 3
 11 1 2 4 5 6

274 12
0 7 9
1 8 10
2 9 11
3 10 11
4 11
5 11
6 11
7 0
8 1
9 0 2
 10 1 3
 11 2 3 4 5 6

275 12
0 7 9 11
1 8 11
2 9 10
3 10
4 11
5 11
6 11
7 0
8 1
9 0 2
 10 2 3
 11 0 1 4 5 6

276 12
0 7 9
1 8 11
2 9 10 11
3 10
4 11
5 11
6 11
7 0
8 1
9 0 2
 10 2 3
 11 1 2 4 5 6

277 12
0 7 9
1 8 11
2 9 10
3 10 11
4 11
5 11
6 11
7 0
8 1
9 0 2
 10 2 3
 11 1 3 4 5 6

278 12
0 7 9 11
1 8 11
2 9
3 10 11
4 10
5 11
6 11
7 0
8 1
9 0 2
 10 3 4
 11 0 1 3 5 6

279 12
0 7 9
1 8 11
2 9 11
3 10 11
4 10
5 11
6 11
7 0
8 1
9 0 2
 10 3 4
 11 1 2 3 5 6

280 12
0 7 9 11
1 8 11
2 9
3 10
4 10
5 11
6 11
7 0
8 1
9 0 2
 10 3 4 11
 11 0 1 5 6 10

281 12
0 7 9
1 8 11
2 9 11
3 10
4 10
5 11
6 11
7 0
8 1
9 0 2
 10 3 4 11
 11 1 2 5 6 10

282 12
0 7 9 10
1 8 10 11
2 9
3 10
4 11
5 11
6 11
7 0
8 1
9 0 2
 10 0 1 3
 11 1 4 5 6

283 12
0 7 9 10
1 8 10
2 9 11
3 10
4 11
5 11
6 11
7 0
8 1
9 0 2
 10 0 1 3
 11 2 4 5 6

284 12
0 7 9 10
1 8 10
2 9
3 10 11
4 11
5 11
6 11
7 0
8 1
9 0 2
 10 0 1 3
 11 3 4 5 6

285 12
0 7 9 11
1 8 10
2 9 10
3 10
4 11
5 11
6 11
7 0
8 1
9 0 2
 10 1 2 3
 11 0 4 5 6

286 12
0 7 9
1 8 10 11
2 9 10
3 10
4 11
5 11
6 11
7 0
8 1
9 0 2
 10 1 2 3
 11 1 4 5 6

287 12
0 7 9
1 8 10
2 9 10 11
3 10
4 11
5 11
6 11
7 0
8 1
9 0 2
 10 1 2 3
 11 2 4 5 6

288 12
0 7 9
1 8 10
2 9 10
3 10 11
4 11
5 11
6 11
7 0
8 1
9 0 2
 10 1 2 3
 11 3 4 5 6

289 12
0 7 9
1 8 10
2 9 10
3 10
4 11
5 11
6 11
7 0 11
8 1
9 0 2
 10 1 2 3
 11 4 5 6 7

290 12
0 7 9
1 8 10
2 9 10
3 10
4 11
5 11
6 11
7 0
8 1 11
9 0 2
 10 1 2 3
 11 4 5 6 8

291 12
0 7 9
1 8 10
2 9 10
3 10
4 11
5 11
6 11
7 0
8 1
9 0 2 11
 10 1 2 3
 11 4 5 6 9

292 12
0 7 9 11
1 8 10 11
2 9
3 10
4 10
5 11
6 11
7 0
8 1
9 0 2
 10 1 3 4
 11 0 1 5 6

293 12
0 7 9
1 8 10 11
2 9 11
3 10
4 10
5 11
6 11
7 0
8 1
9 0 2
 10 1 3 4
 11 1 2 5 6

294 12
0 7 9 11
1 8 10
2 9
3 10 11
4 10
5 11
6 11
7 0
8 1
9 0 2
 10 1 3 4
 11 0 3 5 6

295 12
0 7 9
1 8 10
2 9 11
3 10 11
4 10
5 11
6 11
7 0
8 1
9 0 2
 10 1 3 4
 11 2 3 5 6

296 12
0 7 9 11
1 8 10
2 9
3 10
4 10
5 11
6 11
7 0
8 1 11
9 0 2
 10 1 3 4
 11 0 5 6 8

297 12
0 7 9
1 8 10
2 9 11
3 10
4 10
5 11
6 11
7 0
8 1 11
9 0 2
 10 1 3 4
 11 2 5 6 8

298 12
0 7 9 11
1 8 11
2 9 10
3 10
4 10
5 11
6 11
7 0
8 1
9 0 2
 10 2 3 4
 11 0 1 5 6

299 12
0 7 9
1 8 11
2 9 10 11
3 10
4 10
5 11
6 11
7 0
8 1
9 0 2
 10 2 3 4
 11 1 2 5 6

300 12
0 7 9
1 8 11
2 9 10
3 10 11
4 10
5 11
6 11
7 0
8 1
9 0 2
 10 2 3 4
 11 1 3 5 6

301 12
0 7 9
1 8 11
2 9 10
3 10
4 10
5 11
6 11
7 0 11
8 1
9 0 2
 10 2 3 4
 11 1 5 6 7

302 12
0 7 9
1 8 11
2 9 10
3 10
4 10
5 11
6 11
7 0
8 1
9 0 2 11
 10 2 3 4
 11 1 5 6 9

303 12
0 7 9
1 8 11
2 9 10
3 10
4 10
5 11
6 11
7 0
8 1
9 0 2
 10 2 3 4 11
 11 1 5 6 10

304 12
0 7 9 11
1 8 11
2 9
3 10 11
4 10
5 10
6 11
7 0
8 1
9 0 2
 10 3 4 5
 11 0 1 3 6

305 12
0 7 9
1 8 11
2 9 11
3 10 11
4 10
5 10
6 11
7 0
8 1
9 0 2
 10 3 4 5
 11 1 2 3 6

306 12
0 7 9 11
1 8 11
2 9
3 10
4 10
5 10
6 11
7 0
8 1
9 0 2
 10 3 4 5 11
 11 0 1 6 10

307 12
0 7 9
1 8 11
2 9 11
3 10
4 10
5 10
6 11
7 0
8 1
9 0 2
 10 3 4 5 11
 11 1 2 6 10

308 12
0 7 11
1 8 11
2 9 10 11
3 9
4 10
5 11
6 11
7 0
8 1
9 2 3
 10 2 4
 11 0 1 2 5 6

309 12
0 7 11
1 8 11
2 9 10
3 9 11
4 10
5 11
6 11
7 0
8 1
9 2 3
 10 2 4
 11 0 1 3 5 6

310 12
0 7 11
1 8 11
2 9 10
3 9
4 10
5 11
6 11
7 0
8 1
9 2 3 11
 10 2 4
 11 0 1 5 6 9

311 12
0 7 11
1 8 11
2 9 11
3 9
4 10 11
5 10
6 11
7 0
8 1
9 2 3
 10 4 5
 11 0 1 2 4 6

312 12
0 7 11
1 8 11
2 9
3 9
4 10 11
5 10
6 11
7 0
8 1
9 2 3 11
 10 4 5
 11 0 1 4 6 9

313 12
0 7 11
1 8 11
2 9
3 9
4 10
5 10
6 11
7 0
8 1
9 2 3 11
 10 4 5 11
 11 0 1 6 9 10

314 12
0 7 10 11
1 8 10
2 9 10
3 9
4 11
5 11
6 11
7 0
8 1
9 2 3
 10 0 1 2
 11 0 4 5 6

315 12
0 7 10
1 8 10
2 9 10 11
3 9
4 11
5 11
6 11
7 0
8 1
9 2 3
 10 0 1 2
 11 2 4 5 6

316 12
0 7 10
1 8 10
2 9 10
3 9 11
4 11
5 11
6 11
7 0
8 1
9 2 3
 10 0 1 2
 11 3 4 5 6

317 12
0 7 10
1 8 10
2 9 10
3 9
4 11
5 11
6 11
7 0 11
8 1
9 2 3
 10 0 1 2
 11 4 5 6 7

318 12
0 7 10
1 8 10
2 9 10
3 9
4 11
5 11
6 11
7 0
8 1
9 2 3 11
 10 0 1 2
 11 4 5 6 9

319 12
0 7 10 11
1 8 10
2 9 11
3 9
4 10
5 11
6 11
7 0
8 1
9 2 3
 10 0 1 4
 11 0 2 5 6

320 12
0 7 10
1 8 10
2 9 11
3 9
4 10 11
5 11
6 11
7 0
8 1
9 2 3
 10 0 1 4
 11 2 4 5 6

321 12
0 7 10
1 8 10
2 9 11
3 9
4 10
5 11
6 11
7 0 11
8 1
9 2 3
 10 0 1 4
 11 2 5 6 7

322 12
0 7 10 11
1 8 10
2 9
3 9
4 10
5 11
6 11
7 0
8 1
9 2 3 11
 10 0 1 4
 11 0 5 6 9

323 12
0 7 10
1 8 10
2 9
3 9
4 10 11
5 11
6 11
7 0
8 1
9 2 3 11
 10 0 1 4
 11 4 5 6 9

324 12
0 7 10
1 8 10
2 9
3 9
4 10
5 11
6 11
7 0 11
8 1
9 2 3 11
 10 0 1 4
 11 5 6 7 9

325 12
0 7 10 11
1 8 11
2 9 10
3 9
4 10
5 11
6 11
7 0
8 1
9 2 3
 10 0 2 4
 11 0 1 5 6

326 12
0 7 10
1 8 11
2 9 10 11
3 9
4 10
5 11
6 11
7 0
8 1
9 2 3
 10 0 2 4
 11 1 2 5 6

327 12
0 7 10
1 8 11
2 9 10
3 9 11
4 10
5 11
6 11
7 0
8 1
9 2 3
 10 0 2 4
 11 1 3 5 6

328 12
0 7 10
1 8 11
2 9 10
3 9
4 10 11
5 11
6 11
7 0
8 1
9 2 3
 10 0 2 4
 11 1 4 5 6

329 12
0 7 10
1 8 11
2 9 10
3 9
4 10
5 11
6 11
7 0 11
8 1
9 2 3
 10 0 2 4
 11 1 5 6 7

330 12
0 7 10
1 8 11
2 9 10
3 9
4 10
5 11
6 11
7 0
8 1
9 2 3 11
 10 0 2 4
 11 1 5 6 9

331 12
0 7 10 11
1 8 11
2 9 11
3 9
4 10
5 10
6 11
7 0
8 1
9 2 3
 10 0 4 5
 11 0 1 2 6

332 12
0 7 10
1 8 11
2 9 11
3 9
4 10 11
5 10
6 11
7 0
8 1
9 2 3
 10 0 4 5
 11 1 2 4 6

333 12
0 7 10
1 8 11
2 9 11
3 9
4 10
5 10
6 11
7 0 11
8 1
9 2 3
 10 0 4 5
 11 1 2 6 7

334 12
0 7 10 11
1 8 11
2 9
3 9
4 10
5 10
6 11
7 0
8 1
9 2 3 11
 10 0 4 5
 11 0 1 6 9

335 12
0 7 10
1 8 11
2 9
3 9
4 10 11
5 10
6 11
7 0
8 1
9 2 3 11
 10 0 4 5
 11 1 4 6 9

336 12
0 7 10
1 8 11
2 9
3 9
4 10
5 10
6 11
7 0 11
8 1
9 2 3 11
 10 0 4 5
 11 1 6 7 9

337 12
0 7 10
1 8 11
2 9 11
3 9
4 10
5 10
6 11
7 0
8 1
9 2 3
 10 0 4 5 11
 11 1 2 6 10

338 12
0 7 11
1 8 11
2 9 10 11
3 9
4 10
5 10
6 11
7 0
8 1
9 2 3
 10 2 4 5
 11 0 1 2 6

339 12
0 7 11
1 8 11
2 9 10
3 9 11
4 10
5 10
6 11
7 0
8 1
9 2 3
 10 2 4 5
 11 0 1 3 6

340 12
0 7 11
1 8 11
2 9 10
3 9
4 10 11
5 10
6 11
7 0
8 1
9 2 3
 10 2 4 5
 11 0 1 4 6

341 12
0 7 11
1 8 11
2 9 10
3 9
4 10
5 10
6 11
7 0
8 1
9 2 3 11
 10 2 4 5
 11 0 1 6 9

342 12
0 7 11
1 8 11
2 9 10
3 9
4 10
5 10
6 11
7 0
8 1
9 2 3
 10 2 4 5 11
 11 0 1 6 10

343 12
0 7 11
1 8 11
2 9 11
3 9
4 10 11
5 10
6 10
7 0
8 1
9 2 3
 10 4 5 6
 11 0 1 2 4

344 12
0 7 11
1 8 11
2 9
3 9
4 10 11
5 10
6 10
7 0
8 1
9 2 3 11
 10 4 5 6
 11 0 1 4 9

345 12
0 7 11
1 8 11
2 9 11
3 9
4 10
5 10
6 10
7 0
8 1
9 2 3
 10 4 5 6 11
 11 0 1 2 10

346 12
0 7 11
1 8 11
2 9
3 9
4 10
5 10
6 10
7 0
8 1
9 2 3 11
 10 4 5 6 11
 11 0 1 9 10

347 12
0 7 10 11
1 8 10
2 9
3 9
4 11
5 11
6 11
7 0
8 1
9 2 3 10
 10 0 1 9
 11 0 4 5 6

348 12
0 7 10
1 8 10
2 9 11
3 9
4 11
5 11
6 11
7 0
8 1
9 2 3 10
 10 0 1 9
 11 2 4 5 6

349 12
0 7 10
1 8 10
2 9
3 9
4 11
5 11
6 11
7 0 11
8 1
9 2 3 10
 10 0 1 9
 11 4 5 6 7

350 12
0 7 10
1 8 10
2 9
3 9
4 11
5 11
6 11
7 0
8 1
9 2 3 10 11
 10 0 1 9
 11 4 5 6 9

351 12
0 7 10 11
1 8 11
2 9
3 9
4 10
5 11
6 11
7 0
8 1
9 2 3 10
 10 0 4 9
 11 0 1 5 6

352 12
0 7 10
1 8 11
2 9 11
3 9
4 10
5 11
6 11
7 0
8 1
9 2 3 10
 10 0 4 9
 11 1 2 5 6

353 12
0 7 10
1 8 11
2 9
3 9
4 10 11
5 11
6 11
7 0
8 1
9 2 3 10
 10 0 4 9
 11 1 4 5 6

354 12
0 7 10
1 8 11
2 9
3 9
4 10
5 11
6 11
7 0 11
8 1
9 2 3 10
 10 0 4 9
 11 1 5 6 7

355 12
0 7 10
1 8 11
2 9
3 9
4 10
5 11
6 11
7 0
8 1
9 2 3 10 11
 10 0 4 9
 11 1 5 6 9

356 12
0 7 10
1 8 11
2 9
3 9
4 10
5 11
6 11
7 0
8 1
9 2 3 10
 10 0 4 9 11
 11 1 5 6 10

357 12
0 7 11
1 8 11
2 9 11
3 9
4 10
5 10
6 11
7 0
8 1
9 2 3 10
 10 4 5 9
 11 0 1 2 6

358 12
0 7 11
1 8 11
2 9
3 9
4 10
5 10
6 11
7 0
8 1
9 2 3 10 11
 10 4 5 9
 11 0 1 6 9

359 12
0 7 9
1 8 10
2 9 10
3 9
4 10
5 11
6 11
7 0 11
8 1
9 0 2 3
 10 1 2 4
 11 5 6 7

360 12
0 7 9
1 8 10
2 9
3 9
4 10
5 10
6 11
7 0 11
8 1 11
9 0 2 3
 10 1 4 5
 11 6 7 8

361 12
0 7 10
1 8 11
2 9 10
3 9 11
4 9
5 10
6 11
7 0
8 1
9 2 3 4
 10 0 2 5
 11 1 3 6

362 12
0 7 10
1 8 11
2 9 10
3 9
4 9
5 10 11
6 11
7 0
8 1
9 2 3 4
 10 0 2 5
 11 1 5 6

363 12
0 7 10
1 8 11
2 9 10
3 9
4 9
5 10
6 11
7 0 11
8 1
9 2 3 4
 10 0 2 5
 11 1 6 7

364 12
0 7 10
1 8 11
2 9 11
3 9
4 9
5 10
6 10
7 0 11
8 1
9 2 3 4
 10 0 5 6
 11 1 2 7

365 12
0 7 11
1 8 11
2 9 10
3 9 11
4 9
5 10
6 10
7 0
8 1
9 2 3 4
 10 2 5 6
 11 0 1 3

366 12
0 7 8 11
1 8 9
2 9 10
3 10
4 11
5 11
6 11
7 0
8 0 1
9 1 2
 10 2 3
 11 0 4 5 6

367 12
0 7 8
1 8 9 11
2 9 10
3 10
4 11
5 11
6 11
7 0
8 0 1
9 1 2
 10 2 3
 11 1 4 5 6

368 12
0 7 8
1 8 9
2 9 10 11
3 10
4 11
5 11
6 11
7 0
8 0 1
9 1 2
 10 2 3
 11 2 4 5 6

369 12
0 7 8
1 8 9
2 9 10
3 10 11
4 11
5 11
6 11
7 0
8 0 1
9 1 2
 10 2 3
 11 3 4 5 6

370 12
0 7 8 11
1 8 9
2 9
3 10 11
4 10
5 11
6 11
7 0
8 0 1
9 1 2
 10 3 4
 11 0 3 5 6

371 12
0 7 8
1 8 9 11
2 9
3 10 11
4 10
5 11
6 11
7 0
8 0 1
9 1 2
 10 3 4
 11 1 3 5 6

372 12
0 7 8
1 8 9
2 9 11
3 10 11
4 10
5 11
6 11
7 0
8 0 1
9 1 2
 10 3 4
 11 2 3 5 6

373 12
0 7 8 11
1 8 9
2 9
3 10
4 10
5 11
6 11
7 0
8 0 1
9 1 2
 10 3 4 11
 11 0 5 6 10

374 12
0 7 8
1 8 9 11
2 9
3 10
4 10
5 11
6 11
7 0
8 0 1
9 1 2
 10 3 4 11
 11 1 5 6 10

375 12
0 7 8
1 8 9
2 9 11
3 10
4 10
5 11
6 11
7 0
8 0 1
9 1 2
 10 3 4 11
 11 2 5 6 10

376 12
0 7 8
1 8 9
2 9 10
3 10
4 10
5 11
6 11
7 0 11
8 0 1
9 1 2
 10 2 3 4
 11 5 6 7

377 12
0 7 8
1 8 9
2 9 11
3 10 11
4 10
5 10
6 11
7 0
8 0 1
9 1 2
 10 3 4 5
 11 2 3 6

378 12
0 7 8 11
1 8
2 9 11
3 9
4 10 11
5 10
6 11
7 0
8 0 1
9 2 3
 10 4 5
 11 0 2 4 6

379 12
0 7 8
1 8 11
2 9 11
3 9
4 10 11
5 10
6 11
7 0
8 0 1
9 2 3
 10 4 5
 11 1 2 4 6

380 12
0 7 8 11
1 8
2 9
3 9
4 10 11
5 10
6 11
7 0
8 0 1
9 2 3 11
 10 4 5
 11 0 4 6 9

381 12
0 7 8
1 8 11
2 9
3 9
4 10 11
5 10
6 11
7 0
8 0 1
9 2 3 11
 10 4 5
 11 1 4 6 9

382 12
0 7 8 11
1 8
2 9
3 9
4 10
5 10
6 11
7 0
8 0 1
9 2 3 11
 10 4 5 11
 11 0 6 9 10

383 12
0 7 8
1 8 11
2 9
3 9
4 10
5 10
6 11
7 0
8 0 1
9 2 3 11
 10 4 5 11
 11 1 6 9 10

384 12
0 7 8
1 8 10
2 9 10
3 9
4 10
5 11
6 11
7 0
8 0 1
9 2 3 11
 10 1 2 4
 11 5 6 9

385 12
0 7 8
1 8 10
2 9 11
3 9
4 10
5 10
6 11
7 0 11
8 0 1
9 2 3
 10 1 4 5
 11 2 6 7

386 12
0 7 8 11
1 8 10
2 9
3 9
4 10
5 10
6 11
7 0
8 0 1
9 2 3 11
 10 1 4 5
 11 0 6 9

387 12
0 7 8
1 8 10
2 9
3 9
4 10
5 10
6 11
7 0 11
8 0 1
9 2 3 11
 10 1 4 5
 11 6 7 9

388 12
0 7 8
1 8 10
2 9
3 9
4 10
5 10
6 11
7 0
8 0 1 11
9 2 3 11
 10 1 4 5
 11 6 8 9

389 12
0 7 8
1 8 11
2 9 10
3 9 11
4 10
5 10
6 11
7 0
8 0 1
9 2 3
 10 2 4 5
 11 1 3 6

390 12
0 7 8
1 8 11
2 9 10
3 9
4 10 11
5 10
6 11
7 0
8 0 1
9 2 3
 10 2 4 5
 11 1 4 6

391 12
0 7 8 11
1 8
2 9 10
3 9
4 10
5 10
6 11
7 0
8 0 1
9 2 3 11
 10 2 4 5
 11 0 6 9

392 12
0 7 8
1 8 11
2 9 10
3 9
4 10
5 10
6 11
7 0
8 0 1
9 2 3 11
 10 2 4 5
 11 1 6 9

393 12
0 7 8
1 8 11
2 9 11
3 9
4 10 11
5 10
6 10
7 0
8 0 1
9 2 3
 10 4 5 6
 11 1 2 4

394 12
0 7 8 11
1 8
2 9
3 9
4 10 11
5 10
6 10
7 0
8 0 1
9 2 3 11
 10 4 5 6
 11 0 4 9

395 12
0 7 8
1 8 11
2 9
3 9
4 10 11
5 10
6 10
7 0
8 0 1
9 2 3 11
 10 4 5 6
 11 1 4 9

396 12
0 7 10 11
1 8 9 11
2 8
3 9
4 10
5 11
6 11
7 0
8 1 2
9 1 3
 10 0 4
 11 0 1 5 6

397 12
0 7 10 11
1 8 9
2 8 11
3 9
4 10
5 11
6 11
7 0
8 1 2
9 1 3
 10 0 4
 11 0 2 5 6

398 12
0 7 10
1 8 9 11
2 8
3 9
4 10 11
5 11
6 11
7 0
8 1 2
9 1 3
 10 0 4
 11 1 4 5 6

399 12
0 7 10
1 8 9
2 8 11
3 9
4 10 11
5 11
6 11
7 0
8 1 2
9 1 3
 10 0 4
 11 2 4 5 6

400 12
0 7 10 11
1 8 9
2 8
3 9
4 10
5 11
6 11
7 0
8 1 2 11
9 1 3
 10 0 4
 11 0 5 6 8

401 12
0 7 10
1 8 9
2 8
3 9
4 10 11
5 11
6 11
7 0
8 1 2 11
9 1 3
 10 0 4
 11 4 5 6 8

402 12
0 7 11
1 8 9 11
2 8 10
3 9
4 10
5 11
6 11
7 0
8 1 2
9 1 3
 10 2 4
 11 0 1 5 6

403 12
0 7 11
1 8 9
2 8 10
3 9 11
4 10
5 11
6 11
7 0
8 1 2
9 1 3
 10 2 4
 11 0 3 5 6

404 12
0 7 11
1 8 9
2 8 10
3 9
4 10
5 11
6 11
7 0
8 1 2 11
9 1 3
 10 2 4
 11 0 5 6 8

405 12
0 7 11
1 8 9
2 8 10
3 9
4 10
5 11
6 11
7 0
8 1 2
9 1 3 11
 10 2 4
 11 0 5 6 9

406 12
0 7 11
1 8 9 11
2 8
3 9
4 10 11
5 10
6 11
7 0
8 1 2
9 1 3
 10 4 5
 11 0 1 4 6

407 12
0 7 11
1 8 9
2 8 11
3 9
4 10 11
5 10
6 11
7 0
8 1 2
9 1 3
 10 4 5
 11 0 2 4 6

408 12
0 7 11
1 8 9
2 8
3 9
4 10 11
5 10
6 11
7 0
8 1 2 11
9 1 3
 10 4 5
 11 0 4 6 8

409 12
0 7 11
1 8 9 11
2 8
3 9
4 10
5 10
6 11
7 0
8 1 2
9 1 3
 10 4 5 11
 11 0 1 6 10

410 12
0 7 11
1 8 9
2 8 11
3 9
4 10
5 10
6 11
7 0
8 1 2
9 1 3
 10 4 5 11
 11 0 2 6 10

411 12
0 7 11
1 8 9
2 8
3 9
4 10
5 10
6 11
7 0
8 1 2 11
9 1 3
 10 4 5 11
 11 0 6 8 10

412 12
0 7 10 11
1 8 9 11
2 8
3 9
4 10
5 10
6 11
7 0
8 1 2
9 1 3
 10 0 4 5
 11 0 1 6

413 12
0 7 10
1 8 9
2 8 11
3 9
4 10
5 10
6 11
7 0 11
8 1 2
9 1 3
 10 0 4 5
 11 2 6 7

414 12
0 7 10 11
1 8 9
2 8
3 9
4 10
5 10
6 11
7 0
8 1 2 11
9 1 3
 10 0 4 5
 11 0 6 8

415 12
0 7 10
1 8 9
2 8
3 9
4 10
5 10
6 11
7 0 11
8 1 2 11
9 1 3
 10 0 4 5
 11 6 7 8

416 12
0 7 11
1 8 9
2 8 10
3 9 11
4 10
5 10
6 11
7 0
8 1 2
9 1 3
 10 2 4 5
 11 0 3 6

417 12
0 7 11
1 8 9
2 8 10
3 9
4 10 11
5 10
6 11
7 0
8 1 2
9 1 3
 10 2 4 5
 11 0 4 6

418 12
0 7 11
1 8 9
2 8 10
3 9
4 10
5 10
6 11
7 0
8 1 2 11
9 1 3
 10 2 4 5
 11 0 6 8

419 12
0 7 11
1 8 9
2 8 10
3 9
4 10
5 10
6 11
7 0
8 1 2
9 1 3 11
 10 2 4 5
 11 0 6 9

420 12
0 7 11
1 8 9
2 8 11
3 9
4 10 11
5 10
6 10
7 0
8 1 2
9 1 3
 10 4 5 6
 11 0 2 4

421 12
0 7 11
1 8 9
2 8
3 9
4 10 11
5 10
6 10
7 0
8 1 2 11
9 1 3
 10 4 5 6
 11 0 4 8

422 12
0 7 11
1 8 11
2 8
3 9 11
4 9
5 10 11
6 10
7 0
8 1 2
9 3 4
 10 5 6
 11 0 1 3 5

423 12
0 7 11
1 8
2 8
3 9 11
4 9
5 10 11
6 10
7 0
8 1 2 11
9 3 4
 10 5 6
 11 0 3 5 8

424 12
0 7 11
1 8
2 8
3 9
4 9
5 10 11
6 10
7 0
8 1 2 11
9 3 4 11
 10 5 6
 11 0 5 8 9

425 12
0 7 11
1 8
2 8
3 9
4 9
5 10
6 10
7 0
8 1 2 11
9 3 4 11
 10 5 6 11
 11 0 8 9 10

426 12
0 7 10
1 8 10
2 8
3 9 10
4 9
5 11
6 11
7 0
8 1 2 11
9 3 4
 10 0 1 3
 11 5 6 8

427 12
0 7 10
1 8 10
2 8
3 9 11
4 9
5 10
6 11
7 0 11
8 1 2
9 3 4
 10 0 1 5
 11 3 6 7

428 12
0 7 10
1 8 10
2 8
3 9 11
4 9
5 10
6 11
7 0
8 1 2 11
9 3 4
 10 0 1 5
 11 3 6 8

429 12
0 7 10
1 8 10
2 8 11
3 9
4 9
5 10
6 11
7 0
8 1 2
9 3 4 11
 10 0 1 5
 11 2 6 9

430 12
0 7 10
1 8 10
2 8
3 9
4 9
5 10
6 11
7 0 11
8 1 2
9 3 4 11
 10 0 1 5
 11 6 7 9

431 12
0 7 10
1 8 10
2 8
3 9
4 9
5 10
6 11
7 0
8 1 2 11
9 3 4 11
 10 0 1 5
 11 6 8 9

432 12
0 7 11
1 8 10
2 8 11
3 9 10
4 9
5 10
6 11
7 0
8 1 2
9 3 4
 10 1 3 5
 11 0 2 6

433 12
0 7 11
1 8 10
2 8
3 9 10
4 9
5 10
6 11
7 0
8 1 2 11
9 3 4
 10 1 3 5
 11 0 6 8

434 12
0 7 10
1 8 11
2 8
3 9 11
4 9
5 10 11
6 10
7 0
8 1 2
9 3 4
 10 0 5 6
 11 1 3 5

435 12
0 7 10
1 8 11
2 8
3 9 11
4 9
5 10
6 10
7 0 11
8 1 2
9 3 4
 10 0 5 6
 11 1 3 7

436 12
0 7 10 11
1 8
2 8
3 9 11
4 9
5 10
6 10
7 0
8 1 2 11
9 3 4
 10 0 5 6
 11 0 3 8

437 12
0 7 10
1 8
2 8
3 9 11
4 9
5 10 11
6 10
7 0
8 1 2 11
9 3 4
 10 0 5 6
 11 3 5 8

438 12
0 7 10
1 8
2 8
3 9 11
4 9
5 10
6 10
7 0 11
8 1 2 11
9 3 4
 10 0 5 6
 11 3 7 8

439 12
0 7 10 11
1 8
2 8
3 9
4 9
5 10
6 10
7 0
8 1 2 11
9 3 4 11
 10 0 5 6
 11 0 8 9

440 12
0 7 10
1 8
2 8
3 9
4 9
5 10 11
6 10
7 0
8 1 2 11
9 3 4 11
 10 0 5 6
 11 5 8 9

441 12
0 7 10
1 8
2 8
3 9
4 9
5 10
6 10
7 0 11
8 1 2 11
9 3 4 11
 10 0 5 6
 11 7 8 9

442 12
0 7 11
1 8 10
2 8 11
3 9 11
4 9
5 10
6 10
7 0
8 1 2
9 3 4
 10 1 5 6
 11 0 2 3

443 12
0 7 11
1 8 10
2 8
3 9 11
4 9
5 10 11
6 10
7 0
8 1 2
9 3 4
 10 1 5 6
 11 0 3 5

444 12
0 7 11
1 8 10
2 8
3 9 11
4 9
5 10
6 10
7 0
8 1 2 11
9 3 4
 10 1 5 6
 11 0 3 8

445 12
0 7 11
1 8 10 11
2 8
3 9
4 9
5 10
6 10
7 0
8 1 2
9 3 4 11
 10 1 5 6
 11 0 1 9

446 12
0 7 11
1 8 10
2 8 11
3 9
4 9
5 10
6 10
7 0
8 1 2
9 3 4 11
 10 1 5 6
 11 0 2 9

447 12
0 7 11
1 8 10
2 8
3 9
4 9
5 10 11
6 10
7 0
8 1 2
9 3 4 11
 10 1 5 6
 11 0 5 9

448 12
0 7 11
1 8 10
2 8
3 9
4 9
5 10
6 10
7 0
8 1 2 11
9 3 4 11
 10 1 5 6
 11 0 8 9

449 12
0 7 10 11
1 8
2 8
3 9
4 9
5 10
6 11
7 0
8 1 2 10
9 3 4 11
 10 0 5 8
 11 0 6 9

450 12
0 7 10
1 8
2 8
3 9
4 9
5 10
6 11
7 0 11
8 1 2 10
9 3 4 11
 10 0 5 8
 11 6 7 9

451 12
0 7 11
1 8
2 8
3 9 10
4 9
5 10
6 11
7 0
8 1 2 10
9 3 4 11
 10 3 5 8
 11 0 6 9

452 12
0 7 11
1 8 11
2 8
3 9
4 9
5 10
6 10
7 0
8 1 2 10
9 3 4 11
 10 5 6 8
 11 0 1 9

453 12
0 7 8
1 7 9
2 8 10
3 9 11
4 10
5 11
6 11
7 0 1
8 0 2
9 1 3
 10 2 4
 11 3 5 6

454 12
0 7 8
1 7 9
2 8 11
3 9
4 10 11
5 10
6 11
7 0 1
8 0 2
9 1 3
 10 4 5
 11 2 4 6

455 12
0 7 8 11
1 7 9
2 8
3 9
4 10
5 10
6 11
7 0 1
8 0 2
9 1 3
 10 4 5 11
 11 0 6 10

456 12
0 7 8
1 7 9
2 8 11
3 9
4 10
5 10
6 11
7 0 1
8 0 2
9 1 3
 10 4 5 11
 11 2 6 10

457 12
0 7 8
1 7 9
2 8
3 9
4 10
5 10
6 11
7 0 1 11
8 0 2
9 1 3
 10 4 5 11
 11 6 7 10

458 12
0 7 8
1 7 9
2 8
3 9
4 10
5 10
6 11
7 0 1
8 0 2 11
9 1 3
 10 4 5 11
 11 6 8 10

459 12
0 7 8 11
1 7
2 8
3 9 10 11
4 9
5 10
6 11
7 0 1
8 0 2
9 3 4
 10 3 5
 11 0 3 6

460 12
0 7 8
1 7 11
2 8
3 9 10
4 9 11
5 10
6 11
7 0 1
8 0 2
9 3 4
 10 3 5
 11 1 4 6

461 12
0 7 8
1 7
2 8
3 9 10 11
4 9
5 10
6 11
7 0 1 11
8 0 2
9 3 4
 10 3 5
 11 3 6 7

462 12
0 7 8
1 7
2 8
3 9 10
4 9 11
5 10
6 11
7 0 1 11
8 0 2
9 3 4
 10 3 5
 11 4 6 7

463 12
0 7 8
1 7
2 8
3 9 10
4 9
5 10
6 11
7 0 1 11
8 0 2
9 3 4 11
 10 3 5
 11 6 7 9

464 12
0 7 8
1 7 11
2 8
3 9 11
4 9
5 10 11
6 10
7 0 1
8 0 2
9 3 4
 10 5 6
 11 1 3 5

465 12
0 7 8
1 7
2 8
3 9 11
4 9
5 10 11
6 10
7 0 1 11
8 0 2
9 3 4
 10 5 6
 11 3 5 7

466 12
0 7 8 11
1 7
2 8
3 9
4 9
5 10 11
6 10
7 0 1
8 0 2
9 3 4 11
 10 5 6
 11 0 5 9

467 12
0 7 8
1 7 11
2 8
3 9
4 9
5 10 11
6 10
7 0 1
8 0 2
9 3 4 11
 10 5 6
 11 1 5 9

468 12
0 7 8
1 7
2 8
3 9
4 9
5 10 11
6 10
7 0 1 11
8 0 2
9 3 4 11
 10 5 6
 11 5 7 9

469 12
0 7 8 11
1 7
2 8
3 9
4 9
5 10
6 10
7 0 1
8 0 2
9 3 4 11
 10 5 6 11
 11 0 9 10

470 12
0 7 8
1 7 11
2 8
3 9
4 9
5 10
6 10
7 0 1
8 0 2
9 3 4 11
 10 5 6 11
 11 1 9 10

471 12
0 7 8
1 7
2 8
3 9
4 9
5 10
6 10
7 0 1 11
8 0 2
9 3 4 11
 10 5 6 11
 11 7 9 10

472 12
0 6 11
1 7 11
2 8 11
3 9 11
4 10 11
5 11
6 0
7 1
8 2
9 3
 10 4
 11 0 1 2 3 4 5

473 12
0 6 10 11
1 7 11
2 8 11
3 9 11
4 10
5 11
6 0
7 1
8 2
9 3
 10 0 4
 11 0 1 2 3 5

474 12
0 6 10
1 7 11
2 8 11
3 9 11
4 10 11
5 11
6 0
7 1
8 2
9 3
 10 0 4
 11 1 2 3 4 5

475 12
0 6 11
1 7 11
2 8 11
3 9 11
4 10 11
5 10
6 0
7 1
8 2
9 3
 10 4 5
 11 0 1 2 3 4

476 12
0 6 11
1 7 11
2 8 11
3 9 11
4 10
5 10
6 0
7 1
8 2
9 3
 10 4 5 11
 11 0 1 2 3 10

477 12
0 6 10 11
1 7 10
2 8 10
3 9 11
4 11
5 11
6 0
7 1
8 2
9 3
 10 0 1 2
 11 0 3 4 5

478 12
0 6 10
1 7 10
2 8 10
3 9 11
4 11
5 11
6 0 11
7 1
8 2
9 3
 10 0 1 2
 11 3 4 5 6

479 12
0 6 10 11
1 7 10
2 8 11
3 9 11
4 10
5 11
6 0
7 1
8 2
9 3
 10 0 1 4
 11 0 2 3 5

480 12
0 6 10
1 7 10
2 8 11
3 9 11
4 10 11
5 11
6 0
7 1
8 2
9 3
 10 0 1 4
 11 2 3 4 5

481 12
0 6 10
1 7 10
2 8 11
3 9 11
4 10
5 11
6 0 11
7 1
8 2
9 3
 10 0 1 4
 11 2 3 5 6

482 12
0 6 10
1 7 10
2 8 11
3 9 11
4 10
5 11
6 0
7 1
8 2
9 3
 10 0 1 4 11
 11 2 3 5 10

483 12
0 6 10 11
1 7 11
2 8 11
3 9 11
4 10
5 10
6 0
7 1
8 2
9 3
 10 0 4 5
 11 0 1 2 3

484 12
0 6 10
1 7 11
2 8 11
3 9 11
4 10 11
5 10
6 0
7 1
8 2
9 3
 10 0 4 5
 11 1 2 3 4

485 12
0 6 10
1 7 11
2 8 11
3 9 11
4 10
5 10
6 0 11
7 1
8 2
9 3
 10 0 4 5
 11 1 2 3 6

486 12
0 6 10
1 7 11
2 8 11
3 9 11
4 10
5 10
6 0
7 1
8 2
9 3
 10 0 4 5 11
 11 1 2 3 10

487 12
0 6 9 11
1 7 10 11
2 8 11
3 9
4 10
5 11
6 0
7 1
8 2
9 0 3
 10 1 4
 11 0 1 2 5

488 12
0 6 9
1 7 10 11
2 8 11
3 9 11
4 10
5 11
6 0
7 1
8 2
9 0 3
 10 1 4
 11 1 2 3 5

489 12
0 6 9
1 7 10
2 8 11
3 9 11
4 10 11
5 11
6 0
7 1
8 2
9 0 3
 10 1 4
 11 2 3 4 5

490 12
0 6 9 11
1 7 11
2 8 11
3 9 10
4 10
5 11
6 0
7 1
8 2
9 0 3
 10 3 4
 11 0 1 2 5

491 12
0 6 9
1 7 11
2 8 11
3 9 10 11
4 10
5 11
6 0
7 1
8 2
9 0 3
 10 3 4
 11 1 2 3 5

492 12
0 6 9
1 7 11
2 8 11
3 9 10
4 10 11
5 11
6 0
7 1
8 2
9 0 3
 10 3 4
 11 1 2 4 5

493 12
0 6 9 11
1 7 11
2 8 11
3 9
4 10 11
5 10
6 0
7 1
8 2
9 0 3
 10 4 5
 11 0 1 2 4

494 12
0 6 9
1 7 11
2 8 11
3 9 11
4 10 11
5 10
6 0
7 1
8 2
9 0 3
 10 4 5
 11 1 2 3 4

495 12
0 6 9 11
1 7 11
2 8 11
3 9
4 10
5 10
6 0
7 1
8 2
9 0 3
 10 4 5 11
 11 0 1 2 10

496 12
0 6 9
1 7 11
2 8 11
3 9 11
4 10
5 10
6 0
7 1
8 2
9 0 3
 10 4 5 11
 11 1 2 3 10

497 12
0 6 9 11
1 7 10 11
2 8 10
3 9
4 10
5 11
6 0
7 1
8 2
9 0 3
 10 1 2 4
 11 0 1 5

498 12
0 6 9 11
1 7 10
2 8 11
3 9 10
4 10
5 11
6 0
7 1
8 2
9 0 3
 10 1 3 4
 11 0 2 5

499 12
0 6 9
1 7 10
2 8 11
3 9 10
4 10
5 11
6 0 11
7 1
8 2
9 0 3
 10 1 3 4
 11 2 5 6

500 12
0 6 9
1 7 10
2 8 11
3 9 10
4 10
5 11
6 0
7 1 11
8 2
9 0 3
 10 1 3 4
 11 2 5 7

501 12
0 6 9
1 7 10
2 8 11
3 9 10
4 10
5 11
6 0
7 1
8 2
9 0 3 11
 10 1 3 4
 11 2 5 9

502 12
0 6 9 11
1 7 10 11
2 8 11
3 9
4 10
5 10
6 0
7 1
8 2
9 0 3
 10 1 4 5
 11 0 1 2

503 12
0 6 9
1 7 10
2 8 11
3 9 11
4 10 11
5 10
6 0
7 1
8 2
9 0 3
 10 1 4 5
 11 2 3 4

504 12
0 6 9 11
1 7 10
2 8 11
3 9
4 10
5 10
6 0
7 1 11
8 2
9 0 3
 10 1 4 5
 11 0 2 7

505 12
0 6 9
1 7 10
2 8 11
3 9 11
4 10
5 10
6 0
7 1 11
8 2
9 0 3
 10 1 4 5
 11 2 3 7

506 12
0 6 9 11
1 7 11
2 8 11
3 9 10
4 10
5 10
6 0
7 1
8 2
9 0 3
 10 3 4 5
 11 0 1 2

507 12
0 6 9
1 7 11
2 8 11
3 9 10
4 10 11
5 10
6 0
7 1
8 2
9 0 3
 10 3 4 5
 11 1 2 4

508 12
0 6 9
1 7 11
2 8 11
3 9 10
4 10
5 10
6 0 11
7 1
8 2
9 0 3
 10 3 4 5
 11 1 2 6

509 12
0 6 9
1 7 11
2 8 11
3 9 10
4 10
5 10
6 0
7 1
8 2
9 0 3 11
 10 3 4 5
 11 1 2 9

510 12
0 6 11
1 7 11
2 8 11
3 9 10 11
4 9
5 10
6 0
7 1
8 2
9 3 4
 10 3 5
 11 0 1 2 3

511 12
0 6 11
1 7 11
2 8 11
3 9 10
4 9 11
5 10
6 0
7 1
8 2
9 3 4
 10 3 5
 11 0 1 2 4

512 12
0 6 11
1 7 11
2 8 11
3 9 10
4 9
5 10
6 0
7 1
8 2
9 3 4 11
 10 3 5
 11 0 1 2 9

513 12
0 6 10
1 7 10
2 8 10
3 9
4 9
5 11
6 0 11
7 1
8 2
9 3 4 11
 10 0 1 2
 11 5 6 9

514 12
0 6 10
1 7 10
2 8 11
3 9 10
4 9
5 11
6 0
7 1
8 2
9 3 4 11
 10 0 1 3
 11 2 5 9

515 12
0 6 10
1 7 10
2 8 11
3 9 11
4 9
5 10
6 0 11
7 1
8 2
9 3 4
 10 0 1 5
 11 2 3 6

516 12
0 6 10 11
1 7 10
2 8 11
3 9
4 9
5 10
6 0
7 1
8 2
9 3 4 11
 10 0 1 5
 11 0 2 9

517 12
0 6 10
1 7 10
2 8 11
3 9
4 9
5 10 11
6 0
7 1
8 2
9 3 4 11
 10 0 1 5
 11 2 5 9

518 12
0 6 10
1 7 10
2 8 11
3 9
4 9
5 10
6 0 11
7 1
8 2
9 3 4 11
 10 0 1 5
 11 2 6 9

519 12
0 6 10
1 7 11
2 8 11
3 9 10
4 9 11
5 10
6 0
7 1
8 2
9 3 4
 10 0 3 5
 11 1 2 4

520 12
0 6 10
1 7 11
2 8 11
3 9 10
4 9
5 10 11
6 0
7 1
8 2
9 3 4
 10 0 3 5
 11 1 2 5

521 12
0 6 10
1 7 11
2 8 11
3 9 10
4 9
5 10
6 0 11
7 1
8 2
9 3 4
 10 0 3 5
 11 1 2 6

522 12
0 6 10
1 7 11
2 8 11
3 9 10
4 9
5 10
6 0
7 1
8 2
9 3 4 11
 10 0 3 5
 11 1 2 9

523 12
0 6 8 11
1 7 9 11
2 8 10
3 9
4 10
5 11
6 0
7 1
8 0 2
9 1 3
 10 2 4
 11 0 1 5

524 12
0 6 8
1 7 9 11
2 8 10 11
3 9
4 10
5 11
6 0
7 1
8 0 2
9 1 3
 10 2 4
 11 1 2 5

525 12
0 6 8 11
1 7 9
2 8 10
3 9 11
4 10
5 11
6 0
7 1
8 0 2
9 1 3
 10 2 4
 11 0 3 5

526 12
0 6 8
1 7 9
2 8 10
3 9 11
4 10 11
5 11
6 0
7 1
8 0 2
9 1 3
 10 2 4
 11 3 4 5

527 12
0 6 8 11
1 7 9 11
2 8
3 9
4 10 11
5 10
6 0
7 1
8 0 2
9 1 3
 10 4 5
 11 0 1 4

528 12
0 6 8
1 7 9 11
2 8 11
3 9
4 10 11
5 10
6 0
7 1
8 0 2
9 1 3
 10 4 5
 11 1 2 4

529 12
0 6 8
1 7 9
2 8 11
3 9 11
4 10 11
5 10
6 0
7 1
8 0 2
9 1 3
 10 4 5
 11 2 3 4

530 12
0 6 8 11
1 7 9 11
2 8
3 9
4 10
5 10
6 0
7 1
8 0 2
9 1 3
 10 4 5 11
 11 0 1 10

531 12
0 6 8
1 7 9 11
2 8 11
3 9
4 10
5 10
6 0
7 1
8 0 2
9 1 3
 10 4 5 11
 11 1 2 10

532 12
0 6 8
1 7 9
2 8 11
3 9 11
4 10
5 10
6 0
7 1
8 0 2
9 1 3
 10 4 5 11
 11 2 3 10

533 12
0 6 8 11
1 7 11
2 8 9
3 9 10
4 10
5 11
6 0
7 1
8 0 2
9 2 3
 10 3 4
 11 0 1 5

534 12
0 6 8
1 7 11
2 8 9
3 9 10
4 10 11
5 11
6 0
7 1
8 0 2
9 2 3
 10 3 4
 11 1 4 5

535 12
0 6 8 11
1 7 11
2 8 9
3 9
4 10 11
5 10
6 0
7 1
8 0 2
9 2 3
 10 4 5
 11 0 1 4

536 12
0 6 8
1 7 11
2 8 9 11
3 9
4 10 11
5 10
6 0
7 1
8 0 2
9 2 3
 10 4 5
 11 1 2 4

537 12
0 6 8
1 7 11
2 8 9
3 9 11
4 10 11
5 10
6 0
7 1
8 0 2
9 2 3
 10 4 5
 11 1 3 4

538 12
0 6 8 11
1 7 11
2 8 9
3 9
4 10
5 10
6 0
7 1
8 0 2
9 2 3
 10 4 5 11
 11 0 1 10

539 12
0 6 8
1 7 11
2 8 9 11
3 9
4 10
5 10
6 0
7 1
8 0 2
9 2 3
 10 4 5 11
 11 1 2 10

540 12
0 6 8
1 7 11
2 8 9
3 9 11
4 10
5 10
6 0
7 1
8 0 2
9 2 3
 10 4 5 11
 11 1 3 10

541 12
0 6 10 11
1 7 11
2 8 9 11
3 8
4 9
5 10
6 0
7 1
8 2 3
9 2 4
 10 0 5
 11 0 1 2

542 12
0 6 10 11
1 7 11
2 8 9
3 8 11
4 9
5 10
6 0
7 1
8 2 3
9 2 4
 10 0 5
 11 0 1 3

543 12
0 6 10
1 7 11
2 8 9
3 8 11
4 9
5 10 11
6 0
7 1
8 2 3
9 2 4
 10 0 5
 11 1 3 5

544 12
0 6 10 11
1 7 11
2 8 9
3 8
4 9
5 10
6 0
7 1
8 2 3 11
9 2 4
 10 0 5
 11 0 1 8

545 12
0 6 10
1 7 11
2 8 9
3 8
4 9
5 10 11
6 0
7 1
8 2 3 11
9 2 4
 10 0 5
 11 1 5 8

546 12
0 6 11
1 7 11
2 8 9 11
3 8 10
4 9
5 10
6 0
7 1
8 2 3
9 2 4
 10 3 5
 11 0 1 2

547 12
0 6 11
1 7 11
2 8 9
3 8 10
4 9 11
5 10
6 0
7 1
8 2 3
9 2 4
 10 3 5
 11 0 1 4

548 12
0 6 11
1 7 11
2 8 9
3 8 10
4 9
5 10
6 0
7 1
8 2 3 11
9 2 4
 10 3 5
 11 0 1 8

549 12
0 6 11
1 7 11
2 8 9
3 8 10
4 9
5 10
6 0
7 1
8 2 3
9 2 4 11
 10 3 5
 11 0 1 9

550 12
0 6 11
1 7 8
2 7 9
3 8 10
4 9 11
5 10
6 0
7 1 2
8 1 3
9 2 4
 10 3 5
 11 0 4

551 12
0 5 10
1 6 10
2 7 10
3 8 11
4 9 11
5 0 11
6 1
7 2
8 3
9 4
 10 0 1 2
 11 3 4 5
