
1 11
0 10
1 10
2 10
3 10
4 10
5 10
6 10
7 10
8 10
9 10
 10 0 1 2 3 4 5 6 7 8 9

2 11
0 9 10
1 10
2 10
3 10
4 10
5 10
6 10
7 10
8 10
9 0
 10 0 1 2 3 4 5 6 7 8

3 11
0 9 10
1 9
2 10
3 10
4 10
5 10
6 10
7 10
8 10
9 0 1
 10 0 2 3 4 5 6 7 8

4 11
0 9
1 9
2 10
3 10
4 10
5 10
6 10
7 10
8 10
9 0 1 10
 10 2 3 4 5 6 7 8 9

5 11
0 9 10
1 9
2 9
3 10
4 10
5 10
6 10
7 10
8 10
9 0 1 2
 10 0 3 4 5 6 7 8

6 11
0 9
1 9
2 9
3 10
4 10
5 10
6 10
7 10
8 10
9 0 1 2 10
 10 3 4 5 6 7 8 9

7 11
0 9 10
1 9
2 9
3 9
4 10
5 10
6 10
7 10
8 10
9 0 1 2 3
 10 0 4 5 6 7 8

8 11
0 9
1 9
2 9
3 9
4 10
5 10
6 10
7 10
8 10
9 0 1 2 3 10
 10 4 5 6 7 8 9

9 11
0 9 10
1 9
2 9
3 9
4 9
5 10
6 10
7 10
8 10
9 0 1 2 3 4
 10 0 5 6 7 8

10 11
0 8 10
1 9 10
2 10
3 10
4 10
5 10
6 10
7 10
8 0
9 1
 10 0 1 2 3 4 5 6 7

11 11
0 8 9 10
1 9
2 10
3 10
4 10
5 10
6 10
7 10
8 0
9 0 1
 10 0 2 3 4 5 6 7

12 11
0 8 9
1 9 10
2 10
3 10
4 10
5 10
6 10
7 10
8 0
9 0 1
 10 1 2 3 4 5 6 7

13 11
0 8 10
1 9 10
2 9
3 10
4 10
5 10
6 10
7 10
8 0
9 1 2
 10 0 1 3 4 5 6 7

14 11
0 8 10
1 9
2 9
3 10
4 10
5 10
6 10
7 10
8 0
9 1 2 10
 10 0 3 4 5 6 7 9

15 11
0 8 9 10
1 9
2 9
3 10
4 10
5 10
6 10
7 10
8 0
9 0 1 2
 10 0 3 4 5 6 7

16 11
0 8 9
1 9 10
2 9
3 10
4 10
5 10
6 10
7 10
8 0
9 0 1 2
 10 1 3 4 5 6 7

17 11
0 8 9
1 9
2 9
3 10
4 10
5 10
6 10
7 10
8 0 10
9 0 1 2
 10 3 4 5 6 7 8

18 11
0 8 9
1 9
2 9
3 10
4 10
5 10
6 10
7 10
8 0
9 0 1 2 10
 10 3 4 5 6 7 9

19 11
0 8 10
1 9 10
2 9
3 9
4 10
5 10
6 10
7 10
8 0
9 1 2 3
 10 0 1 4 5 6 7

20 11
0 8 10
1 9
2 9
3 9
4 10
5 10
6 10
7 10
8 0
9 1 2 3 10
 10 0 4 5 6 7 9

21 11
0 8 9 10
1 9
2 9
3 9
4 10
5 10
6 10
7 10
8 0
9 0 1 2 3
 10 0 4 5 6 7

22 11
0 8 9
1 9 10
2 9
3 9
4 10
5 10
6 10
7 10
8 0
9 0 1 2 3
 10 1 4 5 6 7

23 11
0 8 9
1 9
2 9
3 9
4 10
5 10
6 10
7 10
8 0 10
9 0 1 2 3
 10 4 5 6 7 8

24 11
0 8 10
1 9 10
2 9
3 9
4 9
5 10
6 10
7 10
8 0
9 1 2 3 4
 10 0 1 5 6 7

25 11
0 8 10
1 9
2 9
3 9
4 9
5 10
6 10
7 10
8 0
9 1 2 3 4 10
 10 0 5 6 7 9

26 11
0 8 9 10
1 8
2 9
3 10
4 10
5 10
6 10
7 10
8 0 1
9 0 2
 10 0 3 4 5 6 7

27 11
0 8 9
1 8 10
2 9
3 10
4 10
5 10
6 10
7 10
8 0 1
9 0 2
 10 1 3 4 5 6 7

28 11
0 8 9
1 8
2 9
3 10
4 10
5 10
6 10
7 10
8 0 1 10
9 0 2
 10 3 4 5 6 7 8

29 11
0 8 10
1 8
2 9 10
3 9
4 10
5 10
6 10
7 10
8 0 1
9 2 3
 10 0 2 4 5 6 7

30 11
0 8
1 8
2 9 10
3 9
4 10
5 10
6 10
7 10
8 0 1 10
9 2 3
 10 2 4 5 6 7 8

31 11
0 8
1 8
2 9
3 9
4 10
5 10
6 10
7 10
8 0 1 10
9 2 3 10
 10 4 5 6 7 8 9

32 11
0 8 9 10
1 8
2 9
3 9
4 10
5 10
6 10
7 10
8 0 1
9 0 2 3
 10 0 4 5 6 7

33 11
0 8 9
1 8 10
2 9
3 9
4 10
5 10
6 10
7 10
8 0 1
9 0 2 3
 10 1 4 5 6 7

34 11
0 8 9
1 8
2 9 10
3 9
4 10
5 10
6 10
7 10
8 0 1
9 0 2 3
 10 2 4 5 6 7

35 11
0 8 9
1 8
2 9
3 9
4 10
5 10
6 10
7 10
8 0 1 10
9 0 2 3
 10 4 5 6 7 8

36 11
0 8 9
1 8
2 9
3 9
4 10
5 10
6 10
7 10
8 0 1
9 0 2 3 10
 10 4 5 6 7 9

37 11
0 8 10
1 8
2 9 10
3 9
4 9
5 10
6 10
7 10
8 0 1
9 2 3 4
 10 0 2 5 6 7

38 11
0 8
1 8
2 9 10
3 9
4 9
5 10
6 10
7 10
8 0 1 10
9 2 3 4
 10 2 5 6 7 8

39 11
0 8 10
1 8
2 9
3 9
4 9
5 10
6 10
7 10
8 0 1
9 2 3 4 10
 10 0 5 6 7 9

40 11
0 8
1 8
2 9
3 9
4 9
5 10
6 10
7 10
8 0 1 10
9 2 3 4 10
 10 5 6 7 8 9

41 11
0 8 10
1 8
2 9
3 9
4 10
5 10
6 10
7 10
8 0 1 9
9 2 3 8
 10 0 4 5 6 7

42 11
0 8
1 8
2 9
3 9
4 10
5 10
6 10
7 10
8 0 1 9 10
9 2 3 8
 10 4 5 6 7 8

43 11
0 8 9 10
1 8
2 9
3 9
4 9
5 10
6 10
7 10
8 0 1
9 0 2 3 4
 10 0 5 6 7

44 11
0 8 9
1 8 10
2 9
3 9
4 9
5 10
6 10
7 10
8 0 1
9 0 2 3 4
 10 1 5 6 7

45 11
0 8 10
1 8
2 9 10
3 9
4 9
5 9
6 10
7 10
8 0 1
9 2 3 4 5
 10 0 2 6 7

46 11
0 8 10
1 8
2 9
3 9
4 9
5 10
6 10
7 10
8 0 1 9
9 2 3 4 8
 10 0 5 6 7

47 11
0 8
1 8
2 9 10
3 9
4 9
5 10
6 10
7 10
8 0 1 9
9 2 3 4 8
 10 2 5 6 7

48 11
0 8 9 10
1 8
2 8
3 9
4 9
5 10
6 10
7 10
8 0 1 2
9 0 3 4
 10 0 5 6 7

49 11
0 8 9
1 8 10
2 8
3 9
4 9
5 10
6 10
7 10
8 0 1 2
9 0 3 4
 10 1 5 6 7

50 11
0 8 10
1 8
2 8
3 9 10
4 9
5 9
6 10
7 10
8 0 1 2
9 3 4 5
 10 0 3 6 7

51 11
0 8
1 8
2 8
3 9 10
4 9
5 9
6 10
7 10
8 0 1 2 10
9 3 4 5
 10 3 6 7 8

52 11
0 8
1 8
2 8
3 9
4 9
5 9
6 10
7 10
8 0 1 2 10
9 3 4 5 10
 10 6 7 8 9

53 11
0 7 10
1 8 10
2 9 10
3 10
4 10
5 10
6 10
7 0
8 1
9 2
 10 0 1 2 3 4 5 6

54 11
0 7 9 10
1 8 10
2 9
3 10
4 10
5 10
6 10
7 0
8 1
9 0 2
 10 0 1 3 4 5 6

55 11
0 7 9
1 8 10
2 9 10
3 10
4 10
5 10
6 10
7 0
8 1
9 0 2
 10 1 2 3 4 5 6

56 11
0 7 10
1 8 10
2 9 10
3 9
4 10
5 10
6 10
7 0
8 1
9 2 3
 10 0 1 2 4 5 6

57 11
0 7 10
1 8 10
2 9
3 9
4 10
5 10
6 10
7 0
8 1
9 2 3 10
 10 0 1 4 5 6 9

58 11
0 7 9 10
1 8 9
2 9
3 10
4 10
5 10
6 10
7 0
8 1
9 0 1 2
 10 0 3 4 5 6

59 11
0 7 9
1 8 9
2 9 10
3 10
4 10
5 10
6 10
7 0
8 1
9 0 1 2
 10 2 3 4 5 6

60 11
0 7 9
1 8 9
2 9
3 10
4 10
5 10
6 10
7 0 10
8 1
9 0 1 2
 10 3 4 5 6 7

61 11
0 7 9
1 8 9
2 9
3 10
4 10
5 10
6 10
7 0
8 1
9 0 1 2 10
 10 3 4 5 6 9

62 11
0 7 9 10
1 8 10
2 9
3 9
4 10
5 10
6 10
7 0
8 1
9 0 2 3
 10 0 1 4 5 6

63 11
0 7 9
1 8 10
2 9 10
3 9
4 10
5 10
6 10
7 0
8 1
9 0 2 3
 10 1 2 4 5 6

64 11
0 7 9
1 8 10
2 9
3 9
4 10
5 10
6 10
7 0 10
8 1
9 0 2 3
 10 1 4 5 6 7

65 11
0 7 9
1 8 10
2 9
3 9
4 10
5 10
6 10
7 0
8 1
9 0 2 3 10
 10 1 4 5 6 9

66 11
0 7 10
1 8 10
2 9 10
3 9
4 9
5 10
6 10
7 0
8 1
9 2 3 4
 10 0 1 2 5 6

67 11
0 7 10
1 8 10
2 9
3 9
4 9
5 10
6 10
7 0
8 1
9 2 3 4 10
 10 0 1 5 6 9

68 11
0 7 9 10
1 8 10
2 9
3 9
4 9
5 10
6 10
7 0
8 1
9 0 2 3 4
 10 0 1 5 6

69 11
0 7 9
1 8 10
2 9 10
3 9
4 9
5 10
6 10
7 0
8 1
9 0 2 3 4
 10 1 2 5 6

70 11
0 7 9
1 8 10
2 9
3 9
4 9
5 10
6 10
7 0 10
8 1
9 0 2 3 4
 10 1 5 6 7

71 11
0 7 10
1 8 10
2 9 10
3 9
4 9
5 9
6 10
7 0
8 1
9 2 3 4 5
 10 0 1 2 6

72 11
0 7 8 10
1 8 9
2 9
3 10
4 10
5 10
6 10
7 0
8 0 1
9 1 2
 10 0 3 4 5 6

73 11
0 7 8
1 8 9 10
2 9
3 10
4 10
5 10
6 10
7 0
8 0 1
9 1 2
 10 1 3 4 5 6

74 11
0 7 8
1 8 9
2 9 10
3 10
4 10
5 10
6 10
7 0
8 0 1
9 1 2
 10 2 3 4 5 6

75 11
0 7 8 10
1 8
2 9 10
3 9
4 10
5 10
6 10
7 0
8 0 1
9 2 3
 10 0 2 4 5 6

76 11
0 7 8
1 8 10
2 9 10
3 9
4 10
5 10
6 10
7 0
8 0 1
9 2 3
 10 1 2 4 5 6

77 11
0 7 8 10
1 8
2 9
3 9
4 10
5 10
6 10
7 0
8 0 1
9 2 3 10
 10 0 4 5 6 9

78 11
0 7 8
1 8 10
2 9
3 9
4 10
5 10
6 10
7 0
8 0 1
9 2 3 10
 10 1 4 5 6 9

79 11
0 7 8 10
1 8 9
2 9
3 9
4 10
5 10
6 10
7 0
8 0 1
9 1 2 3
 10 0 4 5 6

80 11
0 7 8
1 8 9 10
2 9
3 9
4 10
5 10
6 10
7 0
8 0 1
9 1 2 3
 10 1 4 5 6

81 11
0 7 8
1 8 9
2 9 10
3 9
4 10
5 10
6 10
7 0
8 0 1
9 1 2 3
 10 2 4 5 6

82 11
0 7 8
1 8 9
2 9
3 9
4 10
5 10
6 10
7 0 10
8 0 1
9 1 2 3
 10 4 5 6 7

83 11
0 7 8
1 8 9
2 9
3 9
4 10
5 10
6 10
7 0
8 0 1 10
9 1 2 3
 10 4 5 6 8

84 11
0 7 8 10
1 8
2 9 10
3 9
4 9
5 10
6 10
7 0
8 0 1
9 2 3 4
 10 0 2 5 6

85 11
0 7 8
1 8 10
2 9 10
3 9
4 9
5 10
6 10
7 0
8 0 1
9 2 3 4
 10 1 2 5 6

86 11
0 7 8 10
1 8
2 9
3 9
4 9
5 10
6 10
7 0
8 0 1
9 2 3 4 10
 10 0 5 6 9

87 11
0 7 8
1 8 10
2 9
3 9
4 9
5 10
6 10
7 0
8 0 1
9 2 3 4 10
 10 1 5 6 9

88 11
0 7 10
1 8 9 10
2 8
3 9
4 10
5 10
6 10
7 0
8 1 2
9 1 3
 10 0 1 4 5 6

89 11
0 7 10
1 8 9
2 8 10
3 9
4 10
5 10
6 10
7 0
8 1 2
9 1 3
 10 0 2 4 5 6

90 11
0 7 10
1 8 9
2 8
3 9
4 10
5 10
6 10
7 0
8 1 2 10
9 1 3
 10 0 4 5 6 8

91 11
0 7 10
1 8 10
2 8
3 9 10
4 9
5 10
6 10
7 0
8 1 2
9 3 4
 10 0 1 3 5 6

92 11
0 7 10
1 8
2 8
3 9 10
4 9
5 10
6 10
7 0
8 1 2 10
9 3 4
 10 0 3 5 6 8

93 11
0 7 10
1 8
2 8
3 9
4 9
5 10
6 10
7 0
8 1 2 10
9 3 4 10
 10 0 5 6 8 9

94 11
0 7 9 10
1 8 9
2 8
3 9
4 10
5 10
6 10
7 0
8 1 2
9 0 1 3
 10 0 4 5 6

95 11
0 7 9
1 8 9 10
2 8
3 9
4 10
5 10
6 10
7 0
8 1 2
9 0 1 3
 10 1 4 5 6

96 11
0 7 9
1 8 9
2 8 10
3 9
4 10
5 10
6 10
7 0
8 1 2
9 0 1 3
 10 2 4 5 6

97 11
0 7 9
1 8 9
2 8
3 9 10
4 10
5 10
6 10
7 0
8 1 2
9 0 1 3
 10 3 4 5 6

98 11
0 7 9
1 8 9
2 8
3 9
4 10
5 10
6 10
7 0 10
8 1 2
9 0 1 3
 10 4 5 6 7

99 11
0 7 9
1 8 9
2 8
3 9
4 10
5 10
6 10
7 0
8 1 2 10
9 0 1 3
 10 4 5 6 8

100 11
0 7 9 10
1 8 10
2 8
3 9
4 9
5 10
6 10
7 0
8 1 2
9 0 3 4
 10 0 1 5 6

101 11
0 7 9
1 8 10
2 8
3 9 10
4 9
5 10
6 10
7 0
8 1 2
9 0 3 4
 10 1 3 5 6

102 11
0 7 9
1 8 10
2 8
3 9
4 9
5 10
6 10
7 0 10
8 1 2
9 0 3 4
 10 1 5 6 7

103 11
0 7 9 10
1 8
2 8
3 9
4 9
5 10
6 10
7 0
8 1 2 10
9 0 3 4
 10 0 5 6 8

104 11
0 7 9
1 8
2 8
3 9 10
4 9
5 10
6 10
7 0
8 1 2 10
9 0 3 4
 10 3 5 6 8

105 11
0 7 9
1 8
2 8
3 9
4 9
5 10
6 10
7 0 10
8 1 2 10
9 0 3 4
 10 5 6 7 8

106 11
0 7 10
1 8 9 10
2 8
3 9
4 9
5 10
6 10
7 0
8 1 2
9 1 3 4
 10 0 1 5 6

107 11
0 7 10
1 8 9
2 8 10
3 9
4 9
5 10
6 10
7 0
8 1 2
9 1 3 4
 10 0 2 5 6

108 11
0 7 10
1 8 9
2 8
3 9 10
4 9
5 10
6 10
7 0
8 1 2
9 1 3 4
 10 0 3 5 6

109 11
0 7 10
1 8 9
2 8
3 9
4 9
5 10
6 10
7 0
8 1 2 10
9 1 3 4
 10 0 5 6 8

110 11
0 7 10
1 8 9
2 8
3 9
4 9
5 10
6 10
7 0
8 1 2
9 1 3 4 10
 10 0 5 6 9

111 11
0 7 10
1 8 10
2 8
3 9 10
4 9
5 9
6 10
7 0
8 1 2
9 3 4 5
 10 0 1 3 6

112 11
0 7 10
1 8
2 8
3 9 10
4 9
5 9
6 10
7 0
8 1 2 10
9 3 4 5
 10 0 3 6 8

113 11
0 7 10
1 8 10
2 8
3 9
4 9
5 9
6 10
7 0
8 1 2
9 3 4 5 10
 10 0 1 6 9

114 11
0 7 10
1 8
2 8
3 9
4 9
5 9
6 10
7 0
8 1 2 10
9 3 4 5 10
 10 0 6 8 9

115 11
0 7 9 10
1 8
2 8
3 9
4 10
5 10
6 10
7 0
8 1 2 9
9 0 3 8
 10 0 4 5 6

116 11
0 7 9
1 8 10
2 8
3 9
4 10
5 10
6 10
7 0
8 1 2 9
9 0 3 8
 10 1 4 5 6

117 11
0 7 9
1 8
2 8
3 9 10
4 10
5 10
6 10
7 0
8 1 2 9
9 0 3 8
 10 3 4 5 6

118 11
0 7 9
1 8
2 8
3 9
4 10
5 10
6 10
7 0 10
8 1 2 9
9 0 3 8
 10 4 5 6 7

119 11
0 7 10
1 8 10
2 8
3 9
4 9
5 10
6 10
7 0
8 1 2 9
9 3 4 8
 10 0 1 5 6

120 11
0 7 10
1 8
2 8
3 9
4 9
5 10
6 10
7 0
8 1 2 9 10
9 3 4 8
 10 0 5 6 8

121 11
0 7 9
1 8 9
2 8
3 8
4 9
5 10
6 10
7 0 10
8 1 2 3
9 0 1 4
 10 5 6 7

122 11
0 7 10
1 8 9
2 8 10
3 8
4 9
5 9
6 10
7 0
8 1 2 3
9 1 4 5
 10 0 2 6

123 11
0 7 10
1 8 10
2 8
3 8
4 9 10
5 9
6 9
7 0
8 1 2 3
9 4 5 6
 10 0 1 4

124 11
0 7 8 10
1 7 9
2 8
3 9
4 10
5 10
6 10
7 0 1
8 0 2
9 1 3
 10 0 4 5 6

125 11
0 7 8
1 7 9
2 8 10
3 9
4 10
5 10
6 10
7 0 1
8 0 2
9 1 3
 10 2 4 5 6

126 11
0 7 8
1 7 9
2 8
3 9
4 10
5 10
6 10
7 0 1 10
8 0 2
9 1 3
 10 4 5 6 7

127 11
0 7 8
1 7 9
2 8
3 9
4 10
5 10
6 10
7 0 1
8 0 2 10
9 1 3
 10 4 5 6 8

128 11
0 7 8 10
1 7
2 8
3 9 10
4 9
5 10
6 10
7 0 1
8 0 2
9 3 4
 10 0 3 5 6

129 11
0 7 8
1 7 10
2 8
3 9 10
4 9
5 10
6 10
7 0 1
8 0 2
9 3 4
 10 1 3 5 6

130 11
0 7 8
1 7
2 8
3 9 10
4 9
5 10
6 10
7 0 1 10
8 0 2
9 3 4
 10 3 5 6 7

131 11
0 7 8 10
1 7
2 8
3 9
4 9
5 10
6 10
7 0 1
8 0 2
9 3 4 10
 10 0 5 6 9

132 11
0 7 8
1 7 10
2 8
3 9
4 9
5 10
6 10
7 0 1
8 0 2
9 3 4 10
 10 1 5 6 9

133 11
0 7 8
1 7
2 8
3 9
4 9
5 10
6 10
7 0 1 10
8 0 2
9 3 4 10
 10 5 6 7 9

134 11
0 7 8
1 7 9
2 8 10
3 9
4 9
5 10
6 10
7 0 1
8 0 2
9 1 3 4
 10 2 5 6

135 11
0 7 8
1 7 10
2 8
3 9 10
4 9
5 9
6 10
7 0 1
8 0 2
9 3 4 5
 10 1 3 6

136 11
0 7 10
1 7
2 8 10
3 8
4 9 10
5 9
6 10
7 0 1
8 2 3
9 4 5
 10 0 2 4 6

137 11
0 7
1 7
2 8 10
3 8
4 9 10
5 9
6 10
7 0 1 10
8 2 3
9 4 5
 10 2 4 6 7

138 11
0 7
1 7
2 8
3 8
4 9 10
5 9
6 10
7 0 1 10
8 2 3 10
9 4 5
 10 4 6 7 8

139 11
0 7
1 7
2 8
3 8
4 9
5 9
6 10
7 0 1 10
8 2 3 10
9 4 5 10
 10 6 7 8 9

140 11
0 7 9
1 7
2 8 9
3 8
4 9
5 10
6 10
7 0 1 10
8 2 3
9 0 2 4
 10 5 6 7

141 11
0 7 9
1 7 10
2 8 10
3 8
4 9
5 9
6 10
7 0 1
8 2 3
9 0 4 5
 10 1 2 6

142 11
0 7 9
1 7
2 8 10
3 8
4 9 10
5 9
6 10
7 0 1
8 2 3
9 0 4 5
 10 2 4 6

143 11
0 7 9
1 7
2 8 10
3 8
4 9
5 9
6 10
7 0 1 10
8 2 3
9 0 4 5
 10 2 6 7

144 11
0 7 9
1 7 10
2 8
3 8
4 9
5 9
6 10
7 0 1
8 2 3 10
9 0 4 5
 10 1 6 8

145 11
0 7 9
1 7
2 8
3 8
4 9
5 9
6 10
7 0 1 10
8 2 3 10
9 0 4 5
 10 6 7 8

146 11
0 7 10
1 7
2 8 10
3 8
4 9 10
5 9
6 9
7 0 1
8 2 3
9 4 5 6
 10 0 2 4

147 11
0 7
1 7
2 8 10
3 8
4 9 10
5 9
6 9
7 0 1 10
8 2 3
9 4 5 6
 10 2 4 7

148 11
0 7
1 7
2 8
3 8
4 9 10
5 9
6 9
7 0 1 10
8 2 3 10
9 4 5 6
 10 4 7 8

149 11
0 7
1 7
2 8 9
3 8
4 9
5 10
6 10
7 0 1 9
8 2 3 10
9 2 4 7
 10 5 6 8

150 11
0 6 10
1 7 10
2 8 10
3 9 10
4 10
5 10
6 0
7 1
8 2
9 3
 10 0 1 2 3 4 5

151 11
0 6 9 10
1 7 10
2 8 10
3 9
4 10
5 10
6 0
7 1
8 2
9 0 3
 10 0 1 2 4 5

152 11
0 6 9
1 7 10
2 8 10
3 9 10
4 10
5 10
6 0
7 1
8 2
9 0 3
 10 1 2 3 4 5

153 11
0 6 10
1 7 10
2 8 10
3 9 10
4 9
5 10
6 0
7 1
8 2
9 3 4
 10 0 1 2 3 5

154 11
0 6 10
1 7 10
2 8 10
3 9
4 9
5 10
6 0
7 1
8 2
9 3 4 10
 10 0 1 2 5 9

155 11
0 6 9 10
1 7 9
2 8 9
3 10
4 10
5 10
6 0
7 1
8 2
9 0 1 2
 10 0 3 4 5

156 11
0 6 9
1 7 9
2 8 9
3 10
4 10
5 10
6 0 10
7 1
8 2
9 0 1 2
 10 3 4 5 6

157 11
0 6 9 10
1 7 9
2 8 10
3 9
4 10
5 10
6 0
7 1
8 2
9 0 1 3
 10 0 2 4 5

158 11
0 6 9
1 7 9
2 8 10
3 9 10
4 10
5 10
6 0
7 1
8 2
9 0 1 3
 10 2 3 4 5

159 11
0 6 9
1 7 9
2 8 10
3 9
4 10
5 10
6 0 10
7 1
8 2
9 0 1 3
 10 2 4 5 6

160 11
0 6 9 10
1 7 10
2 8 10
3 9
4 9
5 10
6 0
7 1
8 2
9 0 3 4
 10 0 1 2 5

161 11
0 6 9
1 7 10
2 8 10
3 9 10
4 9
5 10
6 0
7 1
8 2
9 0 3 4
 10 1 2 3 5

162 11
0 6 9
1 7 10
2 8 10
3 9
4 9
5 10
6 0 10
7 1
8 2
9 0 3 4
 10 1 2 5 6

163 11
0 6 9
1 7 10
2 8 10
3 9
4 9
5 10
6 0
7 1
8 2
9 0 3 4 10
 10 1 2 5 9

164 11
0 6 10
1 7 10
2 8 10
3 9 10
4 9
5 9
6 0
7 1
8 2
9 3 4 5
 10 0 1 2 3

165 11
0 6 10
1 7 10
2 8 10
3 9
4 9
5 9
6 0
7 1
8 2
9 3 4 5 10
 10 0 1 2 9

166 11
0 6 8 10
1 7 9 10
2 8
3 9
4 10
5 10
6 0
7 1
8 0 2
9 1 3
 10 0 1 4 5

167 11
0 6 8
1 7 9 10
2 8 10
3 9
4 10
5 10
6 0
7 1
8 0 2
9 1 3
 10 1 2 4 5

168 11
0 6 8
1 7 9
2 8 10
3 9 10
4 10
5 10
6 0
7 1
8 0 2
9 1 3
 10 2 3 4 5

169 11
0 6 8 10
1 7 10
2 8 9
3 9
4 10
5 10
6 0
7 1
8 0 2
9 2 3
 10 0 1 4 5

170 11
0 6 8
1 7 10
2 8 9 10
3 9
4 10
5 10
6 0
7 1
8 0 2
9 2 3
 10 1 2 4 5

171 11
0 6 8
1 7 10
2 8 9
3 9 10
4 10
5 10
6 0
7 1
8 0 2
9 2 3
 10 1 3 4 5

172 11
0 6 8 10
1 7 10
2 8
3 9 10
4 9
5 10
6 0
7 1
8 0 2
9 3 4
 10 0 1 3 5

173 11
0 6 8
1 7 10
2 8 10
3 9 10
4 9
5 10
6 0
7 1
8 0 2
9 3 4
 10 1 2 3 5

174 11
0 6 8 10
1 7 10
2 8
3 9
4 9
5 10
6 0
7 1
8 0 2
9 3 4 10
 10 0 1 5 9

175 11
0 6 8
1 7 10
2 8 10
3 9
4 9
5 10
6 0
7 1
8 0 2
9 3 4 10
 10 1 2 5 9

176 11
0 6 8 10
1 7 9 10
2 8
3 9
4 9
5 10
6 0
7 1
8 0 2
9 1 3 4
 10 0 1 5

177 11
0 6 8 10
1 7 9
2 8
3 9
4 9
5 10
6 0
7 1 10
8 0 2
9 1 3 4
 10 0 5 7

178 11
0 6 8
1 7 9
2 8 10
3 9
4 9
5 10
6 0
7 1 10
8 0 2
9 1 3 4
 10 2 5 7

179 11
0 6 8
1 7 10
2 8 9
3 9 10
4 9
5 10
6 0
7 1
8 0 2
9 2 3 4
 10 1 3 5

180 11
0 6 8
1 7 10
2 8 9
3 9
4 9
5 10
6 0 10
7 1
8 0 2
9 2 3 4
 10 1 5 6

181 11
0 6 8
1 7 10
2 8 9
3 9
4 9
5 10
6 0
7 1
8 0 2 10
9 2 3 4
 10 1 5 8

182 11
0 6 8
1 7 10
2 8 10
3 9 10
4 9
5 9
6 0
7 1
8 0 2
9 3 4 5
 10 1 2 3

183 11
0 6 10
1 7 10
2 8 9 10
3 8
4 9
5 10
6 0
7 1
8 2 3
9 2 4
 10 0 1 2 5

184 11
0 6 10
1 7 10
2 8 9
3 8 10
4 9
5 10
6 0
7 1
8 2 3
9 2 4
 10 0 1 3 5

185 11
0 6 10
1 7 10
2 8 9
3 8
4 9
5 10
6 0
7 1
8 2 3 10
9 2 4
 10 0 1 5 8

186 11
0 6 10
1 7 10
2 8 10
3 8
4 9 10
5 9
6 0
7 1
8 2 3
9 4 5
 10 0 1 2 4

187 11
0 6 10
1 7 10
2 8
3 8
4 9 10
5 9
6 0
7 1
8 2 3 10
9 4 5
 10 0 1 4 8

188 11
0 6 10
1 7 10
2 8
3 8
4 9
5 9
6 0
7 1
8 2 3 10
9 4 5 10
 10 0 1 8 9

189 11
0 6 9
1 7 9
2 8 9
3 8
4 10
5 10
6 0
7 1
8 2 3 10
9 0 1 2
 10 4 5 8

190 11
0 6 9
1 7 9
2 8
3 8
4 9
5 10
6 0 10
7 1
8 2 3 10
9 0 1 4
 10 5 6 8

191 11
0 6 9
1 7 10
2 8 9
3 8 10
4 9
5 10
6 0
7 1
8 2 3
9 0 2 4
 10 1 3 5

192 11
0 6 9
1 7 10
2 8 9
3 8
4 9
5 10
6 0 10
7 1
8 2 3
9 0 2 4
 10 1 5 6

193 11
0 6 9
1 7 10
2 8 9
3 8
4 9
5 10
6 0
7 1
8 2 3 10
9 0 2 4
 10 1 5 8

194 11
0 6 9
1 7 10
2 8 10
3 8
4 9 10
5 9
6 0
7 1
8 2 3
9 0 4 5
 10 1 2 4

195 11
0 6 9
1 7 10
2 8 10
3 8
4 9
5 9
6 0 10
7 1
8 2 3
9 0 4 5
 10 1 2 6

196 11
0 6 9 10
1 7 10
2 8
3 8
4 9
5 9
6 0
7 1
8 2 3 10
9 0 4 5
 10 0 1 8

197 11
0 6 9
1 7 10
2 8
3 8
4 9 10
5 9
6 0
7 1
8 2 3 10
9 0 4 5
 10 1 4 8

198 11
0 6 9
1 7 10
2 8
3 8
4 9
5 9
6 0 10
7 1
8 2 3 10
9 0 4 5
 10 1 6 8

199 11
0 6 10
1 7 10
2 8 9
3 8 10
4 9
5 9
6 0
7 1
8 2 3
9 2 4 5
 10 0 1 3

200 11
0 6 10
1 7 10
2 8 9
3 8
4 9 10
5 9
6 0
7 1
8 2 3
9 2 4 5
 10 0 1 4

201 11
0 6 10
1 7 10
2 8 9
3 8
4 9
5 9
6 0
7 1
8 2 3 10
9 2 4 5
 10 0 1 8

202 11
0 6 7
1 7 8
2 8 9
3 9 10
4 10
5 10
6 0
7 0 1
8 1 2
9 2 3
 10 3 4 5

203 11
0 6 7
1 7 8
2 8 10
3 9 10
4 9
5 10
6 0
7 0 1
8 1 2
9 3 4
 10 2 3 5

204 11
0 6 7 10
1 7 8
2 8
3 9
4 9
5 10
6 0
7 0 1
8 1 2
9 3 4 10
 10 0 5 9

205 11
0 6 7
1 7 8 10
2 8
3 9
4 9
5 10
6 0
7 0 1
8 1 2
9 3 4 10
 10 1 5 9

206 11
0 6 7
1 7 8
2 8 10
3 9
4 9
5 10
6 0
7 0 1
8 1 2
9 3 4 10
 10 2 5 9

207 11
0 6 7 10
1 7
2 8 10
3 8
4 9 10
5 9
6 0
7 0 1
8 2 3
9 4 5
 10 0 2 4

208 11
0 6 7
1 7 10
2 8 10
3 8
4 9 10
5 9
6 0
7 0 1
8 2 3
9 4 5
 10 1 2 4

209 11
0 6 7 10
1 7
2 8
3 8
4 9 10
5 9
6 0
7 0 1
8 2 3 10
9 4 5
 10 0 4 8

210 11
0 6 7
1 7 10
2 8
3 8
4 9 10
5 9
6 0
7 0 1
8 2 3 10
9 4 5
 10 1 4 8

211 11
0 6 7 10
1 7
2 8
3 8
4 9
5 9
6 0
7 0 1
8 2 3 10
9 4 5 10
 10 0 8 9

212 11
0 6 7
1 7 10
2 8
3 8
4 9
5 9
6 0
7 0 1
8 2 3 10
9 4 5 10
 10 1 8 9

213 11
0 6 9 10
1 7 8 10
2 7
3 8
4 9
5 10
6 0
7 1 2
8 1 3
9 0 4
 10 0 1 5

214 11
0 6 9
1 7 8
2 7 10
3 8
4 9 10
5 10
6 0
7 1 2
8 1 3
9 0 4
 10 2 4 5

215 11
0 6 9 10
1 7 8
2 7
3 8
4 9
5 10
6 0
7 1 2 10
8 1 3
9 0 4
 10 0 5 7

216 11
0 6 9
1 7 8
2 7
3 8
4 9 10
5 10
6 0
7 1 2 10
8 1 3
9 0 4
 10 4 5 7

217 11
0 6 10
1 7 8
2 7 9
3 8 10
4 9
5 10
6 0
7 1 2
8 1 3
9 2 4
 10 0 3 5

218 11
0 6 10
1 7 8
2 7 9
3 8
4 9
5 10
6 0
7 1 2
8 1 3 10
9 2 4
 10 0 5 8

219 11
0 6 10
1 7 8
2 7 10
3 8
4 9 10
5 9
6 0
7 1 2
8 1 3
9 4 5
 10 0 2 4

220 11
0 6 10
1 7 8
2 7
3 8
4 9 10
5 9
6 0
7 1 2 10
8 1 3
9 4 5
 10 0 4 7

221 11
0 6 10
1 7 8 10
2 7
3 8
4 9
5 9
6 0
7 1 2
8 1 3
9 4 5 10
 10 0 1 9

222 11
0 6 10
1 7 8
2 7 10
3 8
4 9
5 9
6 0
7 1 2
8 1 3
9 4 5 10
 10 0 2 9

223 11
0 6 10
1 7 8
2 7
3 8
4 9
5 9
6 0
7 1 2 10
8 1 3
9 4 5 10
 10 0 7 9

224 11
0 5 10
1 6 10
2 7 10
3 8 10
4 9 10
5 0
6 1
7 2
8 3
9 4
 10 0 1 2 3 4

225 11
0 5 9 10
1 6 10
2 7 10
3 8 10
4 9
5 0
6 1
7 2
8 3
9 0 4
 10 0 1 2 3

226 11
0 5 9
1 6 10
2 7 10
3 8 10
4 9 10
5 0
6 1
7 2
8 3
9 0 4
 10 1 2 3 4

227 11
0 5 9
1 6 9
2 7 10
3 8 10
4 9 10
5 0
6 1
7 2
8 3
9 0 1 4
 10 2 3 4

228 11
0 5 9
1 6 9
2 7 10
3 8 10
4 9
5 0 10
6 1
7 2
8 3
9 0 1 4
 10 2 3 5

229 11
0 5 8 10
1 6 9 10
2 7 10
3 8
4 9
5 0
6 1
7 2
8 0 3
9 1 4
 10 0 1 2

230 11
0 5 8
1 6 9 10
2 7 10
3 8 10
4 9
5 0
6 1
7 2
8 0 3
9 1 4
 10 1 2 3

231 11
0 5 8
1 6 9
2 7 10
3 8 10
4 9 10
5 0
6 1
7 2
8 0 3
9 1 4
 10 2 3 4

232 11
0 5 8 10
1 6 10
2 7 10
3 8 9
4 9
5 0
6 1
7 2
8 0 3
9 3 4
 10 0 1 2

233 11
0 5 8
1 6 10
2 7 10
3 8 9 10
4 9
5 0
6 1
7 2
8 0 3
9 3 4
 10 1 2 3

234 11
0 5 8
1 6 10
2 7 10
3 8 9
4 9 10
5 0
6 1
7 2
8 0 3
9 3 4
 10 1 2 4

235 11
0 5 7
1 6 10
2 7 8
3 8 9
4 9 10
5 0
6 1
7 0 2
8 2 3
9 3 4
 10 1 4
